SPE00120566;1973-01-01;;0;;;
SPE00120566;1973-01-05;100;-10;0;;
SPE00120566;1973-01-06;;;0;;
SPE00120566;1973-01-07;90;-10;0;;
SPE00120566;1973-01-10;90;-30;0;;
SPE00120566;1973-01-12;110;0;0;;
SPE00120566;1973-01-13;100;70;109;;
SPE00120566;1973-01-16;;40;;;
SPE00120566;1973-01-17;100;70;20;;
SPE00120566;1973-01-25;120;;;;
SPE00120566;1973-01-26;100;10;0;;
SPE00120566;1973-02-05;130;-30;0;;
SPE00120566;1973-02-06;150;-10;0;;
SPE00120566;1973-02-07;150;-10;0;;
SPE00120566;1973-02-15;90;;;;
SPE00120566;1973-02-16;80;20;0;;
SPE00120566;1973-02-18;;20;;;
SPE00120566;1973-02-20;120;40;3;;
SPE00120566;1973-02-25;180;60;;;
SPE00120566;1973-02-27;160;90;0;;
SPE00120566;1973-03-01;150;10;0;;
SPE00120566;1973-03-04;200;20;0;;
SPE00120566;1973-03-07;170;50;0;;
SPE00120566;1973-03-11;;20;;;
SPE00120566;1973-03-12;150;20;0;;
SPE00120566;1973-03-23;180;70;30;;
SPE00120566;1973-03-24;170;;;;
SPE00120566;1973-03-27;90;50;41;;
SPE00120566;1973-03-31;150;30;0;;
SPE00120566;1973-04-01;170;40;0;;
SPE00120566;1973-04-03;200;90;0;;
SPE00120566;1973-04-07;270;80;0;;
SPE00120566;1973-04-10;100;10;0;;
SPE00120566;1973-04-11;140;;;;
SPE00120566;1973-04-12;190;50;0;;
SPE00120566;1973-04-14;190;50;0;;
SPE00120566;1973-04-15;190;70;0;;
SPE00120566;1973-04-16;;50;;;
SPE00120566;1973-04-17;170;50;0;;
SPE00120566;1973-04-18;200;;;;
SPE00120566;1973-04-20;190;50;0;;
SPE00120566;1973-04-21;200;40;0;;
SPE00120566;1973-04-23;160;60;10;;
SPE00120566;1973-04-24;150;;;;
SPE00120566;1973-04-25;180;70;0;;
SPE00120566;1973-04-26;210;70;0;;
SPE00120566;1973-04-27;220;130;10;;
SPE00120566;1973-04-28;160;100;51;;
SPE00120566;1973-04-29;200;90;10;;
SPE00120566;1973-04-30;260;100;0;;
SPE00120566;1973-05-03;190;130;41;;
SPE00120566;1973-05-04;200;;;;
SPE00120566;1973-05-05;150;90;41;;
SPE00120566;1973-05-06;190;100;20;;
SPE00120566;1973-05-07;200;90;0;;
SPE00120566;1973-05-09;220;70;0;;
SPE00120566;1973-05-10;250;90;0;;
SPE00120566;1973-05-11;210;;;;
SPE00120566;1973-05-12;240;;;;
SPE00120566;1973-05-13;270;100;0;;
SPE00120566;1973-05-14;290;120;0;;
SPE00120566;1973-05-15;290;;;;
SPE00120566;1973-05-18;140;100;140;;
SPE00120566;1973-05-19;140;90;5;;
SPE00120566;1973-05-20;170;;;;
SPE00120566;1973-05-21;;100;;;
SPE00120566;1973-05-22;190;;10;;
SPE00120566;1973-05-24;300;110;0;;
SPE00120566;1973-05-26;;150;;;
SPE00120566;1973-05-27;;190;;;
SPE00120566;1973-05-29;280;140;0;;
SPE00120566;1973-05-30;;150;;;
SPE00120566;1973-05-31;300;150;0;;
SPE00120566;1973-06-02;260;120;0;;
SPE00120566;1973-06-03;240;;89;;
SPE00120566;1973-06-04;220;;5;;
SPE00120566;1973-06-07;220;110;0;;
SPE00120566;1973-06-08;260;110;;;
SPE00120566;1973-06-11;220;140;0;;
SPE00120566;1973-06-14;;140;;;
SPE00120566;1973-06-15;280;180;;;
SPE00120566;1973-06-17;300;160;0;;
SPE00120566;1973-06-22;250;;;;
SPE00120566;1973-06-23;290;120;0;;
SPE00120566;1973-06-29;340;190;0;;
SPE00120566;1973-07-03;370;180;0;;
SPE00120566;1973-07-04;350;200;0;;
SPE00120566;1973-07-06;320;180;0;;
SPE00120566;1973-07-12;360;200;0;;
SPE00120566;1973-07-14;260;170;0;;
SPE00120566;1973-07-15;220;160;0;;
SPE00120566;1973-07-17;220;130;0;;
SPE00120566;1973-07-18;270;;;;
SPE00120566;1973-07-19;;180;;;
SPE00120566;1973-07-20;330;160;0;;
SPE00120566;1973-07-21;;200;0;;
SPE00120566;1973-07-22;;170;0;;
SPE00120566;1973-07-23;330;160;0;;
SPE00120566;1973-07-25;360;220;0;;
SPE00120566;1973-07-26;340;;;;
SPE00120566;1973-07-27;350;200;0;;
SPE00120566;1973-07-30;300;150;0;;
SPE00120566;1973-08-01;300;160;0;;
SPE00120566;1973-08-02;320;170;0;;
SPE00120566;1973-08-04;;180;;;
SPE00120566;1973-08-07;380;200;0;;
SPE00120566;1973-08-08;370;220;0;;
SPE00120566;1973-08-10;390;220;0;;
SPE00120566;1973-08-12;360;210;0;;
SPE00120566;1973-08-13;370;;;;
SPE00120566;1973-08-14;360;220;;;
SPE00120566;1973-08-15;350;200;0;;
SPE00120566;1973-08-16;320;;;;
SPE00120566;1973-08-17;290;180;0;;
SPE00120566;1973-08-18;340;200;51;;
SPE00120566;1973-08-19;330;180;0;;
SPE00120566;1973-08-22;320;180;0;;
SPE00120566;1973-08-23;330;180;0;;
SPE00120566;1973-08-24;350;;;;
SPE00120566;1973-08-27;340;200;0;;
SPE00120566;1973-08-28;330;190;0;;
SPE00120566;1973-08-29;;160;;;
SPE00120566;1973-08-30;330;150;0;;
SPE00120566;1973-09-01;310;140;0;;
SPE00120566;1973-09-02;320;170;0;;
SPE00120566;1973-09-04;;200;;;
SPE00120566;1973-09-05;280;180;0;;
SPE00120566;1973-09-06;260;180;0;;
SPE00120566;1973-09-11;360;160;0;;
SPE00120566;1973-09-12;280;210;0;;
SPE00120566;1973-09-14;320;160;0;;
SPE00120566;1973-09-15;290;160;0;;
SPE00120566;1973-09-16;280;170;0;;
SPE00120566;1973-09-18;260;130;0;;
SPE00120566;1973-09-19;290;120;0;;
SPE00120566;1973-09-23;210;120;0;;
SPE00120566;1973-09-25;250;;;;
SPE00120566;1973-09-27;290;120;0;;
SPE00120566;1973-09-29;300;140;0;;
SPE00120566;1973-10-02;160;70;0;;
SPE00120566;1973-10-04;190;90;0;;
SPE00120566;1973-10-05;200;;;;
SPE00120566;1973-10-06;230;100;0;;
SPE00120566;1973-10-18;140;80;61;;
SPE00120566;1973-10-23;210;70;0;;
SPE00120566;1973-10-27;180;70;0;;
SPE00120566;1973-11-06;140;110;71;;
SPE00120566;1973-11-07;140;50;0;;
SPE00120566;1973-11-10;160;30;0;;
SPE00120566;1973-11-15;180;20;0;;
SPE00120566;1973-11-22;;50;;;
SPE00120566;1973-11-25;;60;;;
SPE00120566;1973-11-27;110;40;0;;
SPE00120566;1973-11-29;120;-20;0;;
SPE00120566;1973-11-30;180;50;0;;
SPE00120566;1973-12-04;90;-20;0;;
SPE00120566;1973-12-05;120;0;0;;
SPE00120566;1973-12-07;120;;5;;
SPE00120566;1973-12-08;90;;;;
SPE00120566;1973-12-11;80;-10;0;;
SPE00120566;1973-12-14;140;;0;;
SPE00120566;1973-12-15;150;;;;
SPE00120566;1973-12-16;120;;;;
SPE00120566;1973-12-17;100;;0;;
SPE00120566;1973-12-20;80;70;;;
SPE00120566;1973-12-22;100;40;0;;
SPE00120566;1973-12-23;70;50;150;;
SPE00120566;1973-12-26;90;;;;
SPE00120566;1973-12-27;90;20;0;;
SPE00120566;1973-12-30;130;10;0;;
SPE00120566;1974-01-02;60;0;0;;
SPE00120566;1974-01-03;70;;;;
SPE00120566;1974-01-04;90;-10;0;;
SPE00120566;1974-01-05;120;80;61;;
SPE00120566;1974-01-06;130;80;41;;
SPE00120566;1974-01-08;140;100;0;;
SPE00120566;1974-01-15;130;;;;
SPE00120566;1974-01-18;120;10;0;;
SPE00120566;1974-01-19;120;-10;0;;
SPE00120566;1974-01-20;140;0;0;;
SPE00120566;1974-01-21;120;;;;
SPE00120566;1974-01-23;120;-10;0;;
SPE00120566;1974-01-25;80;10;0;;
SPE00120566;1974-01-26;80;10;5;;
SPE00120566;1974-01-27;140;70;23;;
SPE00120566;1974-01-28;150;90;10;;
SPE00120566;1974-01-29;110;50;20;;
SPE00120566;1974-01-30;80;10;3;;
SPE00120566;1974-02-04;110;40;5;;
SPE00120566;1974-02-05;110;50;0;;
SPE00120566;1974-02-06;150;50;0;;
SPE00120566;1974-02-07;150;;5;;
SPE00120566;1974-02-09;160;20;0;;
SPE00120566;1974-02-10;170;20;0;;
SPE00120566;1974-02-14;100;30;0;;
SPE00120566;1974-02-15;;80;;;
SPE00120566;1974-02-22;130;20;0;;
SPE00120566;1974-02-23;140;20;0;;
SPE00120566;1974-02-25;120;0;0;;
SPE00120566;1974-02-26;110;-10;0;;
SPE00120566;1974-02-28;150;-10;0;;
SPE00120566;1974-03-02;;80;;;
SPE00120566;1974-03-04;110;;0;;
SPE00120566;1974-03-05;120;-10;0;;
SPE00120566;1974-03-10;110;40;41;;
SPE00120566;1974-03-11;110;30;20;;
SPE00120566;1974-03-13;150;;0;;
SPE00120566;1974-03-18;180;90;0;;
SPE00120566;1974-03-21;90;50;;;
SPE00120566;1974-03-22;100;60;61;;
SPE00120566;1974-03-24;130;70;0;;
SPE00120566;1974-03-25;;70;0;;
SPE00120566;1974-03-28;160;70;0;;
SPE00120566;1974-03-29;170;80;130;;
SPE00120566;1974-03-30;160;60;0;;
SPE00120566;1974-03-31;180;60;0;;
SPE00120566;1974-04-01;190;;;;
SPE00120566;1974-04-02;130;;10;;
SPE00120566;1974-04-03;120;50;3;;
SPE00120566;1974-04-04;140;50;0;;
SPE00120566;1974-04-05;170;60;0;;
SPE00120566;1974-04-07;200;60;0;;
SPE00120566;1974-04-08;180;80;0;;
SPE00120566;1974-04-11;150;80;;;
SPE00120566;1974-04-14;150;80;30;;
SPE00120566;1974-04-15;160;80;10;;
SPE00120566;1974-04-16;190;40;0;;
SPE00120566;1974-04-17;190;40;0;;
SPE00120566;1974-04-19;210;50;0;;
SPE00120566;1974-04-21;;90;;;
SPE00120566;1974-04-23;180;90;0;;
SPE00120566;1974-04-25;180;80;0;;
SPE00120566;1974-04-26;160;90;20;;
SPE00120566;1974-04-28;120;80;41;;
SPE00120566;1974-04-29;;50;239;;
SPE00120566;1974-04-30;140;40;0;;
SPE00120566;1974-05-01;160;80;0;;
SPE00120566;1974-05-02;160;;;;
SPE00120566;1974-05-03;130;70;61;;
SPE00120566;1974-05-04;150;50;0;;
SPE00120566;1974-05-05;170;60;0;;
SPE00120566;1974-05-06;;60;;;
SPE00120566;1974-05-07;190;70;0;;
SPE00120566;1974-05-08;220;60;0;;
SPE00120566;1974-05-09;220;;;;
SPE00120566;1974-05-10;210;110;0;;
SPE00120566;1974-05-11;220;90;41;;
SPE00120566;1974-05-12;230;;0;;
SPE00120566;1974-05-13;240;120;0;;
SPE00120566;1974-05-14;270;;;;
SPE00120566;1974-05-15;310;150;0;;
SPE00120566;1974-05-16;230;150;0;;
SPE00120566;1974-05-17;280;110;0;;
SPE00120566;1974-05-18;300;130;0;;
SPE00120566;1974-05-21;300;150;0;;
SPE00120566;1974-05-22;390;150;0;;
SPE00120566;1974-05-26;260;80;0;;
SPE00120566;1974-05-27;240;140;0;;
SPE00120566;1974-05-30;210;140;0;;
SPE00120566;1974-06-01;280;140;0;;
SPE00120566;1974-06-05;330;150;0;;
SPE00120566;1974-06-06;320;170;0;;
SPE00120566;1974-06-09;300;130;0;;
SPE00120566;1974-06-11;290;120;0;;
SPE00120566;1974-06-12;300;170;0;;
SPE00120566;1974-06-13;280;170;51;;
SPE00120566;1974-06-14;290;150;0;;
SPE00120566;1974-06-15;240;160;0;;
SPE00120566;1974-06-17;270;150;89;;
SPE00120566;1974-06-18;300;180;0;;
SPE00120566;1974-06-19;220;;130;;
SPE00120566;1974-06-20;;150;;;
SPE00120566;1974-06-21;280;160;0;;
SPE00120566;1974-06-23;220;130;0;;
SPE00120566;1974-06-25;210;130;89;;
SPE00120566;1974-06-26;180;120;30;;
SPE00120566;1974-06-27;200;150;;;
SPE00120566;1974-06-29;270;190;0;;
SPE00120566;1974-06-30;330;170;0;;
SPE00120566;1974-07-01;350;200;0;;
SPE00120566;1974-07-02;370;;0;;
SPE00120566;1974-07-03;340;240;0;;
SPE00120566;1974-07-05;290;;;;
SPE00120566;1974-07-06;300;160;0;;
SPE00120566;1974-07-07;340;180;0;;
SPE00120566;1974-07-09;380;200;0;;
SPE00120566;1974-07-11;370;200;0;;
SPE00120566;1974-07-12;380;210;0;;
SPE00120566;1974-07-13;290;230;10;;
SPE00120566;1974-07-14;240;170;300;;
SPE00120566;1974-07-15;280;160;0;;
SPE00120566;1974-07-16;300;160;0;;
SPE00120566;1974-07-17;280;180;0;;
SPE00120566;1974-07-18;280;140;0;;
SPE00120566;1974-07-19;270;140;0;;
SPE00120566;1974-07-20;260;140;0;;
SPE00120566;1974-07-21;290;150;0;;
SPE00120566;1974-07-22;320;150;0;;
SPE00120566;1974-07-23;340;180;0;;
SPE00120566;1974-07-24;350;190;0;;
SPE00120566;1974-07-25;350;200;0;;
SPE00120566;1974-07-27;350;210;0;;
SPE00120566;1974-07-28;360;200;0;;
SPE00120566;1974-07-29;360;;;;
SPE00120566;1974-07-30;300;250;0;;
SPE00120566;1974-07-31;;180;;;
SPE00120566;1974-08-01;340;190;0;;
SPE00120566;1974-08-03;320;210;0;;
SPE00120566;1974-08-04;310;180;0;;
SPE00120566;1974-08-05;350;150;0;;
SPE00120566;1974-08-06;360;190;0;;
SPE00120566;1974-08-09;330;200;0;;
SPE00120566;1974-08-12;;190;;;
SPE00120566;1974-08-14;370;200;0;;
SPE00120566;1974-08-15;370;200;0;;
SPE00120566;1974-08-16;390;200;0;;
SPE00120566;1974-08-17;360;240;0;;
SPE00120566;1974-08-18;320;180;0;;
SPE00120566;1974-08-20;210;140;;;
SPE00120566;1974-08-21;270;;;;
SPE00120566;1974-08-22;300;150;99;;
SPE00120566;1974-08-23;;160;;;
SPE00120566;1974-08-24;340;170;0;;
SPE00120566;1974-08-25;330;;;;
SPE00120566;1974-08-26;310;210;0;;
SPE00120566;1974-08-27;300;160;0;;
SPE00120566;1974-08-29;300;;;;
SPE00120566;1974-08-30;240;140;0;;
SPE00120566;1974-08-31;250;130;0;;
SPE00120566;1974-09-02;250;180;0;;
SPE00120566;1974-09-04;290;110;0;;
SPE00120566;1974-09-09;260;160;0;;
SPE00120566;1974-09-10;320;150;0;;
SPE00120566;1974-09-11;310;180;0;;
SPE00120566;1974-09-12;300;190;0;;
SPE00120566;1974-09-13;;180;;;
SPE00120566;1974-09-15;300;170;0;;
SPE00120566;1974-09-16;290;150;0;;
SPE00120566;1974-09-18;250;120;0;;
SPE00120566;1974-09-23;270;120;0;;
SPE00120566;1974-09-24;240;140;0;;
SPE00120566;1974-09-26;270;170;0;;
SPE00120566;1974-09-28;;;0;;
SPE00120566;1974-09-29;190;80;;;
SPE00120566;1974-10-04;230;170;;;
SPE00120566;1974-10-05;250;130;0;;
SPE00120566;1974-10-06;;70;0;;
SPE00120566;1974-10-07;240;;;;
SPE00120566;1974-10-08;210;110;0;;
SPE00120566;1974-10-13;150;50;0;;
SPE00120566;1974-10-15;180;40;0;;
SPE00120566;1974-10-16;;70;;;
SPE00120566;1974-10-17;;110;;;
SPE00120566;1974-10-18;160;70;0;;
SPE00120566;1974-10-19;200;60;0;;
SPE00120566;1974-10-20;230;100;0;;
SPE00120566;1974-10-22;150;;61;;
SPE00120566;1974-10-24;140;30;0;;
SPE00120566;1974-10-26;150;70;0;;
SPE00120566;1974-10-29;150;70;0;;
SPE00120566;1974-10-30;110;50;0;;
SPE00120566;1974-10-31;140;20;0;;
SPE00120566;1974-11-02;;20;0;;
SPE00120566;1974-11-06;150;30;0;;
SPE00120566;1974-11-09;210;;;;
SPE00120566;1974-11-10;180;40;0;;
SPE00120566;1974-11-14;170;120;0;;
SPE00120566;1974-11-16;140;80;0;;
SPE00120566;1974-11-17;;60;;;
SPE00120566;1974-11-18;110;80;140;;
SPE00120566;1974-11-22;170;70;0;;
SPE00120566;1974-11-24;120;70;0;;
SPE00120566;1974-11-25;190;110;0;;
SPE00120566;1974-11-26;170;90;0;;
SPE00120566;1974-11-28;190;110;0;;
SPE00120566;1974-11-29;170;100;0;;
SPE00120566;1974-12-01;140;;;;
SPE00120566;1974-12-03;140;;;;
SPE00120566;1974-12-04;140;20;0;;
SPE00120566;1974-12-06;130;30;0;;460
SPE00120566;1974-12-07;120;;;;
SPE00120566;1974-12-09;80;-10;0;;
SPE00120566;1974-12-11;120;0;0;;
SPE00120566;1974-12-12;110;-10;0;;
SPE00120566;1974-12-13;150;50;0;;
SPE00120566;1974-12-14;110;30;0;;
SPE00120566;1974-12-16;110;-20;0;;
SPE00120566;1974-12-17;100;-20;0;;
SPE00120566;1974-12-19;90;-10;0;;
SPE00120566;1974-12-21;;-20;0;;
SPE00120566;1974-12-22;40;-20;0;;
SPE00120566;1974-12-23;70;-30;5;;
SPE00120566;1974-12-24;110;80;30;;
SPE00120566;1974-12-25;120;;;;
SPE00120566;1974-12-26;110;80;0;;
SPE00120566;1974-12-29;120;20;0;;
SPE00120566;1974-12-30;150;40;0;;
SPE00120566;1974-12-31;110;20;0;;
SPE00120566;1975-01-02;110;0;0;;
SPE00120566;1975-01-03;110;-10;0;;
SPE00120566;1975-01-04;;0;;;
SPE00120566;1975-01-05;100;10;0;;
SPE00120566;1975-01-06;120;-10;0;;
SPE00120566;1975-01-08;140;-20;0;;
SPE00120566;1975-01-09;140;0;0;;
SPE00120566;1975-01-10;120;10;0;;
SPE00120566;1975-01-11;110;0;0;;
SPE00120566;1975-01-12;;40;;;
SPE00120566;1975-01-13;150;40;0;;
SPE00120566;1975-01-14;160;100;;;
SPE00120566;1975-01-15;140;;5;;
SPE00120566;1975-01-16;100;70;10;;
SPE00120566;1975-01-18;130;;0;;
SPE00120566;1975-01-19;160;30;0;;
SPE00120566;1975-01-20;100;0;0;;
SPE00120566;1975-01-21;70;;41;;
SPE00120566;1975-01-22;90;-10;0;;
SPE00120566;1975-01-24;110;80;41;;
SPE00120566;1975-01-25;130;70;0;;
SPE00120566;1975-01-26;130;90;0;;
SPE00120566;1975-01-27;120;90;;;
SPE00120566;1975-01-28;140;80;0;;
SPE00120566;1975-01-29;160;80;0;;
SPE00120566;1975-01-30;;40;;;
SPE00120566;1975-01-31;130;70;0;;
SPE00120566;1975-02-01;160;40;0;;
SPE00120566;1975-02-02;160;20;0;;
SPE00120566;1975-02-03;160;20;0;;
SPE00120566;1975-02-04;100;0;0;;
SPE00120566;1975-02-05;90;30;0;;
SPE00120566;1975-02-06;90;40;119;;
SPE00120566;1975-02-07;150;50;5;;
SPE00120566;1975-02-08;130;;;;
SPE00120566;1975-02-11;100;;;;
SPE00120566;1975-02-12;100;;;;
SPE00120566;1975-02-13;110;70;0;;
SPE00120566;1975-02-15;130;50;0;;
SPE00120566;1975-02-18;160;10;0;;
SPE00120566;1975-02-19;180;10;0;;
SPE00120566;1975-02-20;;30;0;;
SPE00120566;1975-02-21;150;30;0;;
SPE00120566;1975-02-22;;50;;;
SPE00120566;1975-02-23;150;40;0;;
SPE00120566;1975-02-25;;30;;;
SPE00120566;1975-02-26;150;;;;
SPE00120566;1975-02-27;130;40;0;;
SPE00120566;1975-03-01;150;80;30;;
SPE00120566;1975-03-02;110;50;10;;
SPE00120566;1975-03-04;100;50;33;;
SPE00120566;1975-03-05;130;30;170;;
SPE00120566;1975-03-06;150;30;0;;
SPE00120566;1975-03-07;;90;;;
SPE00120566;1975-03-09;90;20;0;;
SPE00120566;1975-03-10;40;30;170;;
SPE00120566;1975-03-11;30;;;;
SPE00120566;1975-03-13;100;30;0;;
SPE00120566;1975-03-14;120;30;0;;
SPE00120566;1975-03-15;120;20;41;;
SPE00120566;1975-03-16;80;40;30;;
SPE00120566;1975-03-17;150;70;10;;
SPE00120566;1975-03-18;130;70;5;;
SPE00120566;1975-03-19;40;;;;
SPE00120566;1975-03-24;160;40;0;;
SPE00120566;1975-03-25;190;40;0;;
SPE00120566;1975-03-26;170;70;0;;
SPE00120566;1975-03-27;150;70;;;
SPE00120566;1975-03-28;170;80;0;;
SPE00120566;1975-03-29;130;90;10;;
SPE00120566;1975-03-30;110;10;30;;
SPE00120566;1975-03-31;110;0;;;
SPE00120566;1975-04-01;120;10;0;;
SPE00120566;1975-04-02;160;40;0;;
SPE00120566;1975-04-03;170;70;0;;
SPE00120566;1975-04-04;;50;;;
SPE00120566;1975-04-06;140;;;;
SPE00120566;1975-04-07;150;40;0;;
SPE00120566;1975-04-08;180;;;;
SPE00120566;1975-04-09;160;50;0;;
SPE00120566;1975-04-10;120;0;0;;
SPE00120566;1975-04-12;190;50;0;;
SPE00120566;1975-04-13;210;60;0;;
SPE00120566;1975-04-15;230;130;0;;
SPE00120566;1975-04-16;250;120;0;;
SPE00120566;1975-04-17;270;100;0;;
SPE00120566;1975-04-18;170;;;;
SPE00120566;1975-04-20;180;100;74;;
SPE00120566;1975-04-21;220;90;3;;
SPE00120566;1975-04-23;110;90;79;;
SPE00120566;1975-04-24;110;80;130;;
SPE00120566;1975-04-25;190;90;20;;
SPE00120566;1975-04-26;220;100;0;;
SPE00120566;1975-04-27;220;;;;
SPE00120566;1975-04-30;220;80;0;;
SPE00120566;1975-05-01;230;90;0;;
SPE00120566;1975-05-02;230;100;0;;
SPE00120566;1975-05-03;230;100;0;;
SPE00120566;1975-05-06;150;20;0;;
SPE00120566;1975-05-08;190;60;0;;
SPE00120566;1975-05-10;150;;;;
SPE00120566;1975-05-11;170;80;0;;
SPE00120566;1975-05-13;220;90;0;;
SPE00120566;1975-05-15;200;;;;
SPE00120566;1975-05-16;200;120;0;;
SPE00120566;1975-05-17;250;90;0;;
SPE00120566;1975-05-20;190;120;30;;
SPE00120566;1975-05-21;220;;;;
SPE00120566;1975-05-24;210;100;0;;
SPE00120566;1975-05-25;190;70;0;;
SPE00120566;1975-05-26;210;90;71;;
SPE00120566;1975-05-28;190;80;0;;
SPE00120566;1975-05-29;220;90;0;;
SPE00120566;1975-06-01;200;110;3;;
SPE00120566;1975-06-02;200;100;8;;
SPE00120566;1975-06-04;280;;;;
SPE00120566;1975-06-05;320;120;0;;
SPE00120566;1975-06-06;260;;;;
SPE00120566;1975-06-07;290;160;0;;
SPE00120566;1975-06-08;290;140;0;;
SPE00120566;1975-06-09;260;180;0;;
SPE00120566;1975-06-10;180;;;;
SPE00120566;1975-06-11;240;140;5;;
SPE00120566;1975-06-12;;130;;;
SPE00120566;1975-06-14;;130;;;
SPE00120566;1975-06-15;260;140;71;;
SPE00120566;1975-06-19;310;150;0;;
SPE00120566;1975-06-21;230;160;71;;
SPE00120566;1975-06-22;280;150;0;;
SPE00120566;1975-06-23;320;;;;
SPE00120566;1975-06-24;320;170;20;;
SPE00120566;1975-06-25;310;180;0;;
SPE00120566;1975-06-27;300;160;0;;
SPE00120566;1975-06-28;330;160;0;;
SPE00120566;1975-06-29;290;190;0;;
SPE00120566;1975-06-30;320;170;0;;
SPE00120566;1975-07-01;350;160;0;;
SPE00120566;1975-07-02;370;180;0;;
SPE00120566;1975-07-03;290;220;0;;
SPE00120566;1975-07-04;290;170;0;;
SPE00120566;1975-07-05;320;140;0;;
SPE00120566;1975-07-07;310;170;0;;
SPE00120566;1975-07-10;310;180;0;;
SPE00120566;1975-07-12;350;180;0;;
SPE00120566;1975-07-18;300;;0;;
SPE00120566;1975-07-19;330;150;0;;
SPE00120566;1975-07-20;;190;;;
SPE00120566;1975-07-21;360;190;0;;
SPE00120566;1975-07-22;350;210;0;;
SPE00120566;1975-07-25;360;210;0;;
SPE00120566;1975-07-26;370;;0;;
SPE00120566;1975-07-27;350;;;;
SPE00120566;1975-07-28;360;210;0;;
SPE00120566;1975-07-31;350;250;0;;
SPE00120566;1975-08-03;320;190;221;;
SPE00120566;1975-08-04;330;200;0;;
SPE00120566;1975-08-13;330;200;0;;
SPE00120566;1975-08-14;320;190;3;;
SPE00120566;1975-08-15;300;140;10;;
SPE00120566;1975-08-18;350;220;0;;
SPE00120566;1975-08-19;350;200;0;;
SPE00120566;1975-08-21;320;210;0;;
SPE00120566;1975-08-22;250;;;;
SPE00120566;1975-08-23;250;120;0;;
SPE00120566;1975-08-24;;140;;;
SPE00120566;1975-08-25;310;170;0;;
SPE00120566;1975-08-27;270;140;0;;
SPE00120566;1975-08-28;280;150;0;;
SPE00120566;1975-08-30;;170;;;
SPE00120566;1975-08-31;300;200;0;;
SPE00120566;1975-09-09;240;130;0;;
SPE00120566;1975-09-10;280;130;0;;
SPE00120566;1975-09-11;280;160;0;;
SPE00120566;1975-09-12;290;160;0;;
SPE00120566;1975-09-13;300;150;0;;
SPE00120566;1975-09-14;190;170;;;
SPE00120566;1975-09-15;120;;119;;
SPE00120566;1975-09-16;170;70;10;;
SPE00120566;1975-09-17;180;100;20;;
SPE00120566;1975-09-19;240;100;0;;
SPE00120566;1975-09-20;;100;;;
SPE00120566;1975-09-21;270;130;0;;
SPE00120566;1975-09-22;;120;;;
SPE00120566;1975-09-23;270;120;0;;
SPE00120566;1975-09-24;290;130;0;;
SPE00120566;1975-10-01;230;130;0;;
SPE00120566;1975-10-02;280;100;0;;
SPE00120566;1975-10-03;300;140;0;;
SPE00120566;1975-10-05;280;150;0;;
SPE00120566;1975-10-06;280;140;0;;
SPE00120566;1975-10-07;290;140;0;;
SPE00120566;1975-10-08;;140;;;
SPE00120566;1975-10-09;270;130;0;;
SPE00120566;1975-10-10;230;130;0;;
SPE00120566;1975-10-11;170;110;0;;
SPE00120566;1975-10-14;;110;;;
SPE00120566;1975-10-15;160;100;0;;
SPE00120566;1975-10-16;160;80;0;;
SPE00120566;1975-10-17;180;70;0;;
SPE00120566;1975-10-18;190;70;0;;
SPE00120566;1975-10-20;230;70;0;;
SPE00120566;1975-10-21;240;100;0;;
SPE00120566;1975-10-22;250;100;0;;
SPE00120566;1975-10-23;;90;;;
SPE00120566;1975-10-25;220;100;0;;
SPE00120566;1975-10-26;190;100;0;;
SPE00120566;1975-10-27;180;80;;;
SPE00120566;1975-10-28;220;100;0;;
SPE00120566;1975-10-29;240;120;0;;
SPE00120566;1975-11-01;150;;0;;
SPE00120566;1975-11-02;150;90;0;;
SPE00120566;1975-11-04;190;90;0;;
SPE00120566;1975-11-05;180;;;;
SPE00120566;1975-11-06;160;40;0;;
SPE00120566;1975-11-07;150;50;0;;
SPE00120566;1975-11-09;120;0;0;;
SPE00120566;1975-11-10;150;0;0;;
SPE00120566;1975-11-11;180;50;0;;
SPE00120566;1975-11-12;170;100;61;;
SPE00120566;1975-11-13;190;70;3;;
SPE00120566;1975-11-14;160;;;;
SPE00120566;1975-11-15;200;;;;
SPE00120566;1975-11-16;180;110;0;;
SPE00120566;1975-11-17;;70;0;;
SPE00120566;1975-11-22;140;60;0;;
SPE00120566;1975-11-23;130;-10;0;;
SPE00120566;1975-11-24;60;;71;;
SPE00120566;1975-11-25;;60;;;
SPE00120566;1975-11-26;110;70;0;;
SPE00120566;1975-11-27;110;60;0;;
SPE00120566;1975-11-30;90;;;;
SPE00120566;1975-12-01;120;30;0;;
SPE00120566;1975-12-03;90;;;;
SPE00120566;1975-12-04;;40;;;
SPE00120566;1975-12-05;90;60;41;;
SPE00120566;1975-12-07;110;40;0;;
SPE00120566;1975-12-10;120;50;0;;
SPE00120566;1975-12-11;120;70;51;;
SPE00120566;1975-12-12;110;80;30;;
SPE00120566;1975-12-13;;;30;;
SPE00120566;1975-12-14;80;;0;;
SPE00120566;1975-12-16;80;40;0;;
SPE00120566;1975-12-17;80;50;8;;
SPE00120566;1975-12-18;90;30;5;;
SPE00120566;1975-12-19;60;10;0;;
SPE00120566;1975-12-20;60;-10;0;;
SPE00120566;1975-12-22;60;;0;;
SPE00120566;1975-12-23;70;-30;0;;
SPE00120566;1975-12-24;80;-30;0;;
SPE00120566;1975-12-25;90;10;0;;
SPE00120566;1975-12-26;100;-10;0;;
SPE00120566;1975-12-27;100;-10;0;;
SPE00120566;1975-12-30;80;10;0;;
SPE00120566;1975-12-31;70;30;0;;
SPE00120566;1976-01-02;100;0;0;;
SPE00120566;1976-01-03;130;-10;0;;
SPE00120566;1976-01-04;140;10;0;;
SPE00120566;1976-01-05;130;10;0;;
SPE00120566;1976-01-06;;10;;;
SPE00120566;1976-01-07;120;0;0;;
SPE00120566;1976-01-08;130;-10;0;;
SPE00120566;1976-01-09;130;0;0;;
SPE00120566;1976-01-10;140;-10;0;;
SPE00120566;1976-01-11;160;20;0;;
SPE00120566;1976-01-12;170;;0;;
SPE00120566;1976-01-13;160;0;0;;
SPE00120566;1976-01-15;170;-20;0;;
SPE00120566;1976-01-16;150;0;0;;
SPE00120566;1976-01-17;150;-10;0;;
SPE00120566;1976-01-18;140;-20;0;;
SPE00120566;1976-01-19;;-20;;;
SPE00120566;1976-01-22;170;0;0;;
SPE00120566;1976-01-23;160;-10;0;;
SPE00120566;1976-01-24;150;;0;;
SPE00120566;1976-01-27;90;-20;0;;
SPE00120566;1976-01-28;;10;;;
SPE00120566;1976-01-29;70;40;8;;
SPE00120566;1976-01-30;90;;13;;
SPE00120566;1976-01-31;80;40;10;;
SPE00120566;1976-02-01;90;40;5;;
SPE00120566;1976-02-02;110;;;;
SPE00120566;1976-02-03;120;70;140;;
SPE00120566;1976-02-04;100;70;23;;
SPE00120566;1976-02-05;110;70;30;;
SPE00120566;1976-02-07;120;30;0;;
SPE00120566;1976-02-10;170;;0;;
SPE00120566;1976-02-11;150;80;41;;
SPE00120566;1976-02-12;110;;;;
SPE00120566;1976-02-13;140;50;0;;
SPE00120566;1976-02-14;120;60;0;;
SPE00120566;1976-02-15;100;20;0;;
SPE00120566;1976-02-16;110;;;;
SPE00120566;1976-02-18;110;50;3;;
SPE00120566;1976-02-19;110;70;0;;
SPE00120566;1976-02-20;110;60;10;;
SPE00120566;1976-02-21;130;30;0;;
SPE00120566;1976-02-22;160;50;0;;
SPE00120566;1976-02-23;190;60;0;;
SPE00120566;1976-02-24;170;;;;
SPE00120566;1976-02-25;150;;0;;
SPE00120566;1976-02-26;130;40;0;;
SPE00120566;1976-02-27;140;20;0;;
SPE00120566;1976-02-28;160;60;0;;
SPE00120566;1976-03-02;140;50;0;;
SPE00120566;1976-03-04;170;;0;;
SPE00120566;1976-03-05;;40;;;
SPE00120566;1976-03-06;170;40;0;;
SPE00120566;1976-03-08;130;100;;;
SPE00120566;1976-03-10;150;0;0;;
SPE00120566;1976-03-12;110;80;41;;
SPE00120566;1976-03-13;100;50;0;;
SPE00120566;1976-03-15;130;70;0;;
SPE00120566;1976-03-17;180;40;0;;
SPE00120566;1976-03-18;220;30;0;;
SPE00120566;1976-03-20;220;70;0;;
SPE00120566;1976-03-21;180;80;0;;
SPE00120566;1976-03-23;120;;0;;
SPE00120566;1976-03-28;210;60;0;;
SPE00120566;1976-04-01;240;80;0;;
SPE00120566;1976-04-02;210;130;0;;
SPE00120566;1976-04-04;110;60;0;;
SPE00120566;1976-04-05;;70;;;
SPE00120566;1976-04-06;140;;;;
SPE00120566;1976-04-07;180;50;0;;
SPE00120566;1976-04-09;160;90;3;;
SPE00120566;1976-04-10;170;50;0;;
SPE00120566;1976-04-11;;60;;;
SPE00120566;1976-04-12;140;;5;;
SPE00120566;1976-04-13;180;60;0;;
SPE00120566;1976-04-14;200;40;0;;
SPE00120566;1976-04-15;150;70;0;;
SPE00120566;1976-04-16;140;40;0;;
SPE00120566;1976-04-17;110;30;30;;
SPE00120566;1976-04-18;110;60;84;;
SPE00120566;1976-04-19;120;70;10;;
SPE00120566;1976-04-20;180;70;0;;
SPE00120566;1976-04-22;150;100;15;;
SPE00120566;1976-04-23;160;70;0;;
SPE00120566;1976-04-24;150;50;0;;
SPE00120566;1976-04-25;160;30;0;;
SPE00120566;1976-04-26;190;50;0;;
SPE00120566;1976-04-29;190;80;0;;
SPE00120566;1976-04-30;;90;;;
SPE00120566;1976-05-01;180;70;0;;
SPE00120566;1976-05-02;200;50;0;;
SPE00120566;1976-05-03;260;80;0;;
SPE00120566;1976-05-04;270;150;0;;
SPE00120566;1976-05-05;270;;;;
SPE00120566;1976-05-06;230;120;0;;
SPE00120566;1976-05-07;230;90;0;;
SPE00120566;1976-05-08;;120;;;
SPE00120566;1976-05-09;200;130;0;;
SPE00120566;1976-05-10;180;120;5;;
SPE00120566;1976-05-12;250;110;0;;
SPE00120566;1976-05-14;230;110;20;;
SPE00120566;1976-05-16;260;120;0;;
SPE00120566;1976-05-17;260;150;0;;
SPE00120566;1976-05-18;270;130;0;;
SPE00120566;1976-05-19;250;130;0;;
SPE00120566;1976-05-20;260;120;0;;
SPE00120566;1976-05-22;310;120;0;;
SPE00120566;1976-05-23;;160;;;
SPE00120566;1976-05-24;290;190;0;;
SPE00120566;1976-05-25;290;150;0;;
SPE00120566;1976-05-26;300;;;;
SPE00120566;1976-05-27;200;150;30;;
SPE00120566;1976-05-28;210;150;0;;
SPE00120566;1976-05-29;180;130;99;;
SPE00120566;1976-05-30;260;120;0;;
SPE00120566;1976-05-31;300;;0;;
SPE00120566;1976-06-01;350;170;0;;
SPE00120566;1976-06-02;340;210;0;;
SPE00120566;1976-06-03;270;160;0;;
SPE00120566;1976-06-05;240;110;0;;
SPE00120566;1976-06-06;260;100;0;;
SPE00120566;1976-06-07;300;130;0;;
SPE00120566;1976-06-08;;170;0;;
SPE00120566;1976-06-09;270;150;5;;
SPE00120566;1976-06-10;300;150;0;;
SPE00120566;1976-06-11;310;150;0;;
SPE00120566;1976-06-13;340;170;0;;
SPE00120566;1976-06-14;330;160;0;;
SPE00120566;1976-06-15;300;160;0;;
SPE00120566;1976-06-17;300;180;0;;
SPE00120566;1976-06-18;310;160;0;;
SPE00120566;1976-06-19;310;160;0;;
SPE00120566;1976-06-20;280;180;0;;
SPE00120566;1976-06-21;310;160;0;;
SPE00120566;1976-06-22;330;160;0;;
SPE00120566;1976-06-23;340;;;;
SPE00120566;1976-06-24;350;190;0;;
SPE00120566;1976-06-25;310;220;0;;
SPE00120566;1976-06-27;300;170;0;;
SPE00120566;1976-06-28;290;150;0;;
SPE00120566;1976-06-29;280;180;0;;
SPE00120566;1976-06-30;270;160;399;;
SPE00120566;1976-07-01;;160;;;
SPE00120566;1976-07-02;300;160;3;;
SPE00120566;1976-07-03;230;170;30;;
SPE00120566;1976-07-04;;140;;;
SPE00120566;1976-07-05;260;170;211;;
SPE00120566;1976-07-06;280;160;0;;
SPE00120566;1976-07-07;290;190;0;;
SPE00120566;1976-07-08;310;210;0;;
SPE00120566;1976-07-10;360;190;5;;
SPE00120566;1976-07-11;280;190;5;;
SPE00120566;1976-07-12;290;180;0;;
SPE00120566;1976-07-13;320;190;0;;
SPE00120566;1976-07-14;350;190;0;;
SPE00120566;1976-07-15;350;210;0;;
SPE00120566;1976-07-17;290;170;0;;
SPE00120566;1976-07-18;330;180;0;;
SPE00120566;1976-07-19;330;;;;
SPE00120566;1976-07-20;;200;;;
SPE00120566;1976-07-21;300;;41;;
SPE00120566;1976-07-22;320;170;0;;
SPE00120566;1976-07-23;340;170;0;;
SPE00120566;1976-07-24;350;210;0;;
SPE00120566;1976-07-25;330;200;8;;
SPE00120566;1976-07-26;320;180;0;;
SPE00120566;1976-07-27;320;170;0;;
SPE00120566;1976-07-28;340;190;0;;
SPE00120566;1976-07-29;350;210;0;;
SPE00120566;1976-07-30;350;230;0;;
SPE00120566;1976-07-31;300;200;0;;
SPE00120566;1976-08-01;300;170;0;;
SPE00120566;1976-08-02;310;160;0;;
SPE00120566;1976-08-03;340;;;;
SPE00120566;1976-08-04;370;200;0;;
SPE00120566;1976-08-05;390;210;0;;
SPE00120566;1976-08-08;340;250;0;;
SPE00120566;1976-08-09;330;220;0;;
SPE00120566;1976-08-10;320;180;0;;
SPE00120566;1976-08-12;310;190;0;;
SPE00120566;1976-08-14;290;170;30;;
SPE00120566;1976-08-15;320;;;;
SPE00120566;1976-08-16;310;170;0;;
SPE00120566;1976-08-17;320;180;0;;
SPE00120566;1976-08-18;330;170;0;;
SPE00120566;1976-08-19;310;170;0;;
SPE00120566;1976-08-20;330;190;0;;
SPE00120566;1976-08-21;300;200;0;;
SPE00120566;1976-08-22;270;180;0;;
SPE00120566;1976-08-23;;170;;;
SPE00120566;1976-08-24;230;;150;;
SPE00120566;1976-08-25;240;160;20;;
SPE00120566;1976-08-26;270;160;0;;
SPE00120566;1976-08-28;;140;;;
SPE00120566;1976-08-29;;170;;;
SPE00120566;1976-08-30;;150;;;
SPE00120566;1976-08-31;250;180;0;;
SPE00120566;1976-09-01;270;160;0;;
SPE00120566;1976-09-02;280;170;0;;
SPE00120566;1976-09-03;290;170;0;;
SPE00120566;1976-09-04;270;120;0;;
SPE00120566;1976-09-05;280;110;0;;
SPE00120566;1976-09-07;;150;;;
SPE00120566;1976-09-08;300;;;;
SPE00120566;1976-09-10;250;180;0;;
SPE00120566;1976-09-11;270;130;0;;
SPE00120566;1976-09-13;210;100;0;;
SPE00120566;1976-09-14;;90;;;
SPE00120566;1976-09-15;230;120;0;;
SPE00120566;1976-09-16;230;90;0;;
SPE00120566;1976-09-17;260;90;0;;
SPE00120566;1976-09-18;270;110;0;;
SPE00120566;1976-09-19;280;120;0;;
SPE00120566;1976-09-20;;;0;;
SPE00120566;1976-09-21;280;160;0;;
SPE00120566;1976-09-22;280;160;0;;
SPE00120566;1976-09-23;270;170;0;;
SPE00120566;1976-09-24;250;180;0;;
SPE00120566;1976-10-01;170;;;;
SPE00120566;1976-10-02;200;110;0;;
SPE00120566;1976-10-03;;110;;;
SPE00120566;1976-10-04;;140;;;
SPE00120566;1976-10-06;260;100;0;;
SPE00120566;1976-10-07;270;110;0;;
SPE00120566;1976-10-08;270;140;0;;
SPE00120566;1976-10-09;240;140;0;;
SPE00120566;1976-10-10;170;;71;;
SPE00120566;1976-10-11;160;120;119;;
SPE00120566;1976-10-12;110;40;30;;
SPE00120566;1976-10-15;160;80;0;;
SPE00120566;1976-10-17;180;;;;
SPE00120566;1976-10-18;180;;;;
SPE00120566;1976-10-19;170;90;0;;
SPE00120566;1976-10-20;160;90;10;;
SPE00120566;1976-10-21;180;80;0;;
SPE00120566;1976-10-23;150;110;20;;
SPE00120566;1976-10-27;130;80;5;;
SPE00120566;1976-10-28;130;;;;
SPE00120566;1976-10-29;110;70;10;;
SPE00120566;1976-10-30;140;40;0;;
SPE00120566;1976-10-31;160;70;0;;
SPE00120566;1976-11-03;130;70;0;;
SPE00120566;1976-11-04;160;120;0;;
SPE00120566;1976-11-05;190;90;0;;
SPE00120566;1976-11-06;140;100;5;;
SPE00120566;1976-11-07;120;40;0;;
SPE00120566;1976-11-08;130;50;10;;
SPE00120566;1976-11-09;150;;71;;
SPE00120566;1976-11-10;110;;10;;
SPE00120566;1976-11-11;90;60;119;;
SPE00120566;1976-11-12;120;70;61;;
SPE00120566;1976-11-14;;20;;;
SPE00120566;1976-11-15;120;30;0;;
SPE00120566;1976-11-17;140;10;0;;
SPE00120566;1976-11-18;140;20;0;;
SPE00120566;1976-11-20;110;10;0;;
SPE00120566;1976-11-21;;20;;;
SPE00120566;1976-11-22;;-10;;;
SPE00120566;1976-11-23;100;-20;0;;
SPE00120566;1976-11-24;120;10;0;;
SPE00120566;1976-11-26;;0;;;
SPE00120566;1976-11-27;;-20;0;;
SPE00120566;1976-11-28;;0;;;
SPE00120566;1976-11-29;;-10;;;
SPE00120566;1976-11-30;100;50;0;;
SPE00120566;1976-12-01;150;80;0;;
SPE00120566;1976-12-02;160;;;;
SPE00120566;1976-12-03;;;30;;
SPE00120566;1976-12-04;70;30;0;;
SPE00120566;1976-12-06;170;70;89;;
SPE00120566;1976-12-07;140;;160;;
SPE00120566;1976-12-08;150;90;0;;
SPE00120566;1976-12-09;;120;0;;
SPE00120566;1976-12-10;160;70;0;;
SPE00120566;1976-12-11;170;50;0;;
SPE00120566;1976-12-12;140;50;0;;
SPE00120566;1976-12-13;;60;;;
SPE00120566;1976-12-14;120;;;;
SPE00120566;1976-12-15;110;50;0;;
SPE00120566;1976-12-16;;50;;;
SPE00120566;1976-12-18;100;70;30;;
SPE00120566;1976-12-20;;20;;;
SPE00120566;1976-12-22;120;;;;
SPE00120566;1976-12-23;60;30;0;;
SPE00120566;1976-12-26;100;30;0;;
SPE00120566;1976-12-27;70;-20;0;;
SPE00120566;1976-12-28;60;10;0;;
SPE00120566;1976-12-29;60;40;30;;
SPE00120566;1976-12-30;110;40;46;;
SPE00120566;1977-01-01;100;70;99;;
SPE00120566;1977-01-03;70;50;30;;
SPE00120566;1977-01-04;90;20;0;;
SPE00120566;1977-01-05;60;0;0;;
SPE00120566;1977-01-06;;-10;;;
SPE00120566;1977-01-07;120;50;53;;
SPE00120566;1977-01-08;140;70;0;;
SPE00120566;1977-01-09;90;0;0;;
SPE00120566;1977-01-10;80;10;41;;
SPE00120566;1977-01-12;60;20;0;;
SPE00120566;1977-01-13;90;50;3;;
SPE00120566;1977-01-14;140;90;0;;
SPE00120566;1977-01-16;100;10;0;;
SPE00120566;1977-01-17;100;;0;;
SPE00120566;1977-01-18;70;50;0;;
SPE00120566;1977-01-20;;80;81;;
SPE00120566;1977-01-21;100;50;41;;
SPE00120566;1977-01-22;80;60;3;;
SPE00120566;1977-01-23;100;60;30;;
SPE00120566;1977-01-24;90;60;30;;
SPE00120566;1977-01-25;120;80;5;;
SPE00120566;1977-01-26;140;100;8;;
SPE00120566;1977-01-30;70;;;;
SPE00120566;1977-01-31;90;50;30;;
SPE00120566;1977-02-01;100;20;0;;
SPE00120566;1977-02-02;90;50;41;;
SPE00120566;1977-02-03;140;90;36;;
SPE00120566;1977-02-04;150;130;5;;
SPE00120566;1977-02-05;140;0;0;;
SPE00120566;1977-02-06;110;;0;;
SPE00120566;1977-02-07;120;;0;;
SPE00120566;1977-02-08;150;70;0;;
SPE00120566;1977-02-09;140;100;0;;
SPE00120566;1977-02-11;100;;84;;
SPE00120566;1977-02-12;90;50;13;;
SPE00120566;1977-02-13;80;30;3;;
SPE00120566;1977-02-14;120;50;3;;
SPE00120566;1977-02-15;110;20;0;;
SPE00120566;1977-02-16;120;30;0;;
SPE00120566;1977-02-17;120;60;0;;
SPE00120566;1977-02-18;120;70;;;
SPE00120566;1977-02-19;150;100;36;;
SPE00120566;1977-02-20;150;120;3;;
SPE00120566;1977-02-21;100;70;51;;
SPE00120566;1977-02-22;100;50;33;;
SPE00120566;1977-02-23;100;50;15;;
SPE00120566;1977-02-25;90;60;;;
SPE00120566;1977-02-27;150;80;51;;
SPE00120566;1977-02-28;180;100;0;;
SPE00120566;1977-03-02;200;70;0;;
SPE00120566;1977-03-03;210;80;0;;
SPE00120566;1977-03-04;220;80;0;;
SPE00120566;1977-03-05;230;80;0;;
SPE00120566;1977-03-06;220;70;0;;
SPE00120566;1977-03-07;180;;;;
SPE00120566;1977-03-08;220;;;;
SPE00120566;1977-03-09;180;90;0;;
SPE00120566;1977-03-10;180;70;0;;
SPE00120566;1977-03-11;110;70;;;
SPE00120566;1977-03-12;120;40;51;;
SPE00120566;1977-03-13;150;60;0;;
SPE00120566;1977-03-14;150;70;0;;
SPE00120566;1977-03-15;200;50;0;;
SPE00120566;1977-03-17;150;110;0;;
SPE00120566;1977-03-18;140;70;0;;
SPE00120566;1977-03-19;140;;;;
SPE00120566;1977-03-20;140;80;0;;
SPE00120566;1977-03-22;120;20;;;
SPE00120566;1977-03-23;;40;;;
SPE00120566;1977-03-24;170;10;0;;
SPE00120566;1977-03-25;180;60;0;;
SPE00120566;1977-03-26;180;90;0;;
SPE00120566;1977-03-27;180;;;;
SPE00120566;1977-03-28;150;80;20;;
SPE00120566;1977-03-29;90;20;30;;
SPE00120566;1977-03-30;100;0;0;;
SPE00120566;1977-03-31;;-20;0;;
SPE00120566;1977-04-01;200;40;0;;
SPE00120566;1977-04-02;170;80;0;;
SPE00120566;1977-04-03;170;90;0;;
SPE00120566;1977-04-04;190;90;0;;
SPE00120566;1977-04-05;190;90;10;;
SPE00120566;1977-04-06;150;80;0;;
SPE00120566;1977-04-07;160;80;0;;
SPE00120566;1977-04-08;130;60;0;;
SPE00120566;1977-04-09;120;10;0;;
SPE00120566;1977-04-10;130;30;0;;
SPE00120566;1977-04-11;160;10;0;;
SPE00120566;1977-04-12;210;40;0;;
SPE00120566;1977-04-13;260;;;;
SPE00120566;1977-04-14;270;80;0;;
SPE00120566;1977-04-15;240;100;0;;
SPE00120566;1977-04-16;170;110;140;;
SPE00120566;1977-04-17;180;80;10;;
SPE00120566;1977-04-18;130;70;30;;
SPE00120566;1977-04-19;170;50;0;;
SPE00120566;1977-04-20;180;50;0;;
SPE00120566;1977-04-21;220;60;0;;
SPE00120566;1977-04-22;;80;;;
SPE00120566;1977-04-23;;110;;;
SPE00120566;1977-04-25;300;110;0;;
SPE00120566;1977-04-26;;130;;;
SPE00120566;1977-04-27;240;120;0;;
SPE00120566;1977-04-29;200;120;0;;
SPE00120566;1977-04-30;170;100;5;;
SPE00120566;1977-05-01;190;80;0;;
SPE00120566;1977-05-02;170;100;0;;
SPE00120566;1977-05-03;150;;;;
SPE00120566;1977-05-04;160;40;5;;
SPE00120566;1977-05-05;170;80;0;;
SPE00120566;1977-05-06;200;70;0;;
SPE00120566;1977-05-07;220;70;0;;
SPE00120566;1977-05-08;240;90;0;;
SPE00120566;1977-05-09;270;110;0;;
SPE00120566;1977-05-10;280;100;0;;
SPE00120566;1977-05-11;300;130;0;;
SPE00120566;1977-05-12;250;140;0;;
SPE00120566;1977-05-13;210;120;89;;
SPE00120566;1977-05-14;220;;;;
SPE00120566;1977-05-15;160;100;3;;
SPE00120566;1977-05-16;140;;74;;
SPE00120566;1977-05-18;140;;71;;
SPE00120566;1977-05-20;200;120;0;;
SPE00120566;1977-05-21;170;70;30;;
SPE00120566;1977-05-23;200;120;0;;
SPE00120566;1977-05-24;180;120;3;;
SPE00120566;1977-05-27;250;120;0;;
SPE00120566;1977-05-28;250;110;0;;
SPE00120566;1977-05-29;;120;;;
SPE00120566;1977-05-30;170;;89;;
SPE00120566;1977-05-31;180;;41;;
SPE00120566;1977-06-01;180;100;25;;
SPE00120566;1977-06-02;210;110;5;;
SPE00120566;1977-06-03;220;100;0;;
SPE00120566;1977-06-04;250;120;0;;
SPE00120566;1977-06-05;290;120;0;;
SPE00120566;1977-06-06;280;160;0;;
SPE00120566;1977-06-08;260;;;;
SPE00120566;1977-06-09;240;150;0;;
SPE00120566;1977-06-17;240;150;0;;
SPE00120566;1977-06-18;230;140;0;;
SPE00120566;1977-06-20;200;110;3;;
SPE00120566;1977-06-22;240;140;0;;
SPE00120566;1977-06-24;280;130;0;;
SPE00120566;1977-06-25;320;160;0;;
SPE00120566;1977-06-26;340;170;0;;
SPE00120566;1977-06-27;340;180;0;;
SPE00120566;1977-06-28;310;180;160;;
SPE00120566;1977-06-29;250;160;0;;
SPE00120566;1977-06-30;260;130;0;;
SPE00120566;1977-07-01;230;150;0;;
SPE00120566;1977-07-03;290;160;0;;
SPE00120566;1977-07-04;320;160;0;;
SPE00120566;1977-07-05;300;190;0;;
SPE00120566;1977-07-06;240;180;0;;
SPE00120566;1977-07-07;220;150;;;
SPE00120566;1977-07-08;250;;;;
SPE00120566;1977-07-09;260;170;0;;
SPE00120566;1977-07-10;300;150;0;;
SPE00120566;1977-07-11;290;160;0;;
SPE00120566;1977-07-12;300;170;0;;
SPE00120566;1977-07-13;300;180;0;;
SPE00120566;1977-07-14;280;190;0;;
SPE00120566;1977-07-16;270;140;0;;
SPE00120566;1977-07-17;;150;;;
SPE00120566;1977-07-18;340;190;0;;
SPE00120566;1977-07-19;;180;;;
SPE00120566;1977-07-20;;;0;;
SPE00120566;1977-07-22;;170;0;;
SPE00120566;1977-07-24;300;170;5;;
SPE00120566;1977-07-26;270;150;0;;
SPE00120566;1977-07-27;310;150;0;;
SPE00120566;1977-07-28;230;;;;
SPE00120566;1977-07-29;210;130;0;;
SPE00120566;1977-07-31;;120;;;
SPE00120566;1977-08-01;310;150;0;;
SPE00120566;1977-08-02;320;;;;
SPE00120566;1977-08-03;260;160;0;;
SPE00120566;1977-08-04;260;150;0;;
SPE00120566;1977-08-05;300;150;0;;
SPE00120566;1977-08-06;320;180;0;;
SPE00120566;1977-08-07;330;180;0;;
SPE00120566;1977-08-08;320;170;0;;
SPE00120566;1977-08-09;;180;;;
SPE00120566;1977-08-10;340;180;0;;
SPE00120566;1977-08-11;;190;0;;
SPE00120566;1977-08-12;320;190;0;;
SPE00120566;1977-08-13;330;210;0;;
SPE00120566;1977-08-14;340;190;0;;
SPE00120566;1977-08-16;340;230;0;;
SPE00120566;1977-08-17;250;160;0;;
SPE00120566;1977-08-18;;140;;;
SPE00120566;1977-08-19;240;160;0;;
SPE00120566;1977-08-20;220;150;119;;
SPE00120566;1977-08-21;230;140;0;;
SPE00120566;1977-08-22;230;160;0;;
SPE00120566;1977-08-23;250;130;0;;
SPE00120566;1977-08-24;290;120;0;;
SPE00120566;1977-08-25;290;150;0;;
SPE00120566;1977-08-26;240;;0;;
SPE00120566;1977-08-27;250;;0;;
SPE00120566;1977-08-29;250;130;0;;
SPE00120566;1977-08-30;290;110;0;;
SPE00120566;1977-08-31;280;150;0;;
SPE00120566;1977-09-03;320;140;0;;
SPE00120566;1977-09-04;320;170;0;;
SPE00120566;1977-09-05;330;190;0;;
SPE00120566;1977-09-07;330;170;0;;
SPE00120566;1977-09-09;320;180;0;;
SPE00120566;1977-09-10;330;170;0;;
SPE00120566;1977-09-12;320;170;0;;
SPE00120566;1977-09-14;330;170;0;;
SPE00120566;1977-09-15;290;160;0;;
SPE00120566;1977-09-16;310;160;0;;
SPE00120566;1977-09-17;;;0;;
SPE00120566;1977-09-21;210;150;0;;
SPE00120566;1977-09-22;230;;;;
SPE00120566;1977-09-23;260;100;0;;
SPE00120566;1977-09-25;240;150;0;;
SPE00120566;1977-09-26;250;130;0;;
SPE00120566;1977-09-27;260;130;0;;
SPE00120566;1977-09-28;270;150;0;;
SPE00120566;1977-09-29;250;150;0;;
SPE00120566;1977-09-30;260;140;0;;
SPE00120566;1977-10-01;290;130;0;;
SPE00120566;1977-10-03;290;130;0;;
SPE00120566;1977-10-05;260;140;0;;
SPE00120566;1977-10-06;;;119;;
SPE00120566;1977-10-07;130;70;20;;
SPE00120566;1977-10-08;160;110;10;;
SPE00120566;1977-10-09;;140;;;
SPE00120566;1977-10-12;220;90;0;;
SPE00120566;1977-10-13;220;110;0;;
SPE00120566;1977-10-14;210;;;;
SPE00120566;1977-10-15;220;130;0;;
SPE00120566;1977-10-17;230;150;0;;
SPE00120566;1977-10-18;200;160;94;;
SPE00120566;1977-10-19;;130;;;
SPE00120566;1977-10-20;200;140;30;;
SPE00120566;1977-10-21;190;120;0;;
SPE00120566;1977-10-22;140;;71;;
SPE00120566;1977-10-24;200;;;;
SPE00120566;1977-10-25;190;140;51;;
SPE00120566;1977-10-26;190;120;5;;
SPE00120566;1977-10-27;210;100;0;;
SPE00120566;1977-10-28;200;100;0;;
SPE00120566;1977-10-29;190;90;0;;
SPE00120566;1977-10-31;170;80;;;
SPE00120566;1977-11-02;210;90;0;;
SPE00120566;1977-11-04;160;70;;;
SPE00120566;1977-11-05;180;100;0;;
SPE00120566;1977-11-06;130;;79;;
SPE00120566;1977-11-07;;90;;;
SPE00120566;1977-11-08;;60;;;
SPE00120566;1977-11-10;180;70;0;;
SPE00120566;1977-11-11;200;50;0;;
SPE00120566;1977-11-12;210;60;0;;
SPE00120566;1977-11-14;180;;;;
SPE00120566;1977-11-15;180;80;0;;
SPE00120566;1977-11-16;170;90;0;;
SPE00120566;1977-11-17;140;;;;
SPE00120566;1977-11-18;120;60;0;;
SPE00120566;1977-11-19;90;;119;;
SPE00120566;1977-11-22;80;30;0;;
SPE00120566;1977-11-23;90;20;0;;
SPE00120566;1977-11-24;110;10;0;;
SPE00120566;1977-11-26;120;10;0;;
SPE00120566;1977-11-27;100;30;10;;
SPE00120566;1977-11-28;110;70;10;;
SPE00120566;1977-11-29;80;40;0;;
SPE00120566;1977-11-30;;60;160;;
SPE00120566;1977-12-01;100;50;10;;
SPE00120566;1977-12-02;100;;;;
SPE00120566;1977-12-04;120;60;36;;
SPE00120566;1977-12-05;90;60;20;;
SPE00120566;1977-12-07;150;;262;;
SPE00120566;1977-12-08;90;70;51;;
SPE00120566;1977-12-09;90;60;15;;
SPE00120566;1977-12-10;130;90;25;;
SPE00120566;1977-12-11;150;80;0;;
SPE00120566;1977-12-12;140;110;0;;
SPE00120566;1977-12-13;150;100;0;;
SPE00120566;1977-12-15;100;70;5;;
SPE00120566;1977-12-16;140;70;0;;
SPE00120566;1977-12-17;150;90;0;;
SPE00120566;1977-12-19;100;80;25;;
SPE00120566;1977-12-20;120;80;79;;
SPE00120566;1977-12-21;140;100;51;;
SPE00120566;1977-12-22;120;60;0;;
SPE00120566;1977-12-23;150;;;;
SPE00120566;1977-12-24;130;70;0;;
SPE00120566;1977-12-25;100;80;5;;
SPE00120566;1977-12-26;;50;;;
SPE00120566;1977-12-27;130;70;0;;
SPE00120566;1977-12-28;;;51;;
SPE00120566;1977-12-29;60;0;130;;
SPE00120566;1977-12-30;110;50;0;;
SPE00120566;1977-12-31;120;10;0;;
SPE00120566;1978-01-01;80;;3;;
SPE00120566;1978-01-02;80;50;51;;
SPE00120566;1978-01-03;140;70;5;;
SPE00120566;1978-01-04;;;0;;
SPE00120566;1978-01-05;;20;;;
SPE00120566;1978-01-06;100;10;0;;
SPE00120566;1978-01-07;110;20;0;;
SPE00120566;1978-01-08;100;20;0;;
SPE00120566;1978-01-09;100;40;3;;
SPE00120566;1978-01-10;80;;0;;
SPE00120566;1978-01-11;100;;;;
SPE00120566;1978-01-12;50;10;30;;
SPE00120566;1978-01-13;50;10;5;;
SPE00120566;1978-01-14;40;-20;5;;
SPE00120566;1978-01-15;;20;3;;
SPE00120566;1978-01-16;;10;;;
SPE00120566;1978-01-17;;20;;;
SPE00120566;1978-01-18;80;20;0;;
SPE00120566;1978-01-19;110;;;;
SPE00120566;1978-01-20;90;30;5;;
SPE00120566;1978-01-21;110;40;0;;
SPE00120566;1978-01-22;90;;;;
SPE00120566;1978-01-23;100;10;0;;
SPE00120566;1978-01-24;;80;0;;
SPE00120566;1978-01-25;140;100;5;;
SPE00120566;1978-01-26;140;90;0;;
SPE00120566;1978-01-27;;10;0;;
SPE00120566;1978-01-28;100;50;122;;
SPE00120566;1978-01-29;;30;0;;
SPE00120566;1978-01-30;110;50;0;;
SPE00120566;1978-01-31;140;80;0;;
SPE00120566;1978-02-02;;80;0;;
SPE00120566;1978-02-03;;60;;;
SPE00120566;1978-02-04;160;30;0;;
SPE00120566;1978-02-05;160;;;;
SPE00120566;1978-02-06;140;;0;;
SPE00120566;1978-02-07;130;20;0;;
SPE00120566;1978-02-08;140;;;;
SPE00120566;1978-02-09;100;50;5;;
SPE00120566;1978-02-11;60;10;0;;
SPE00120566;1978-02-12;100;-30;0;;
SPE00120566;1978-02-14;100;10;0;;
SPE00120566;1978-02-15;120;50;0;;
SPE00120566;1978-02-18;210;130;5;;
SPE00120566;1978-02-19;;110;;;
SPE00120566;1978-02-21;130;70;61;;
SPE00120566;1978-02-22;200;30;0;;
SPE00120566;1978-02-23;;;0;;
SPE00120566;1978-02-24;130;100;23;;
SPE00120566;1978-02-25;;90;;;
SPE00120566;1978-03-01;120;60;89;;
SPE00120566;1978-03-02;140;90;109;;
SPE00120566;1978-03-03;110;;175;;
SPE00120566;1978-03-04;130;60;0;;
SPE00120566;1978-03-05;;90;;;
SPE00120566;1978-03-07;170;40;0;;
SPE00120566;1978-03-08;190;40;0;;
SPE00120566;1978-03-09;200;60;0;;
SPE00120566;1978-03-10;220;60;0;;
SPE00120566;1978-03-11;220;80;0;;
SPE00120566;1978-03-12;110;90;71;;
SPE00120566;1978-03-13;150;40;0;;
SPE00120566;1978-03-15;150;60;0;;
SPE00120566;1978-03-16;130;60;20;;
SPE00120566;1978-03-17;100;30;0;;
SPE00120566;1978-03-20;180;70;0;;
SPE00120566;1978-03-21;200;80;0;;
SPE00120566;1978-03-25;210;;;;
SPE00120566;1978-03-28;240;;0;;
SPE00120566;1978-03-29;150;90;20;;
SPE00120566;1978-03-31;120;50;;;
SPE00120566;1978-04-02;150;90;0;;
SPE00120566;1978-04-03;;70;;;
SPE00120566;1978-04-05;140;70;3;;
SPE00120566;1978-04-06;120;;;;
SPE00120566;1978-04-07;150;50;30;;
SPE00120566;1978-04-08;160;70;5;;
SPE00120566;1978-04-10;130;70;0;;
SPE00120566;1978-04-12;140;;;;
SPE00120566;1978-04-13;150;60;0;;
SPE00120566;1978-04-14;180;80;0;;
SPE00120566;1978-04-15;180;60;0;;
SPE00120566;1978-04-16;200;;;;
SPE00120566;1978-04-18;210;130;0;;
SPE00120566;1978-04-20;210;;0;;
SPE00120566;1978-04-21;210;70;0;;
SPE00120566;1978-04-23;200;100;0;;
SPE00120566;1978-04-24;150;80;79;;
SPE00120566;1978-04-25;150;80;0;;
SPE00120566;1978-04-29;;90;;;
SPE00120566;1978-04-30;120;80;;;
SPE00120566;1978-05-01;150;50;0;;
SPE00120566;1978-05-03;150;90;46;;
SPE00120566;1978-05-04;150;100;10;;
SPE00120566;1978-05-06;180;90;20;;
SPE00120566;1978-05-07;200;100;0;;
SPE00120566;1978-05-08;210;120;0;;
SPE00120566;1978-05-09;270;120;0;;
SPE00120566;1978-05-10;200;90;0;;
SPE00120566;1978-05-11;220;100;0;;
SPE00120566;1978-05-12;;100;;;
SPE00120566;1978-05-13;260;130;0;;
SPE00120566;1978-05-14;250;100;0;;
SPE00120566;1978-05-15;240;120;;;
SPE00120566;1978-05-16;240;150;0;;
SPE00120566;1978-05-18;210;120;0;;
SPE00120566;1978-05-20;230;130;5;;
SPE00120566;1978-05-21;170;90;;;
SPE00120566;1978-05-23;150;;193;;
SPE00120566;1978-05-24;170;90;51;;
SPE00120566;1978-05-25;180;90;0;;
SPE00120566;1978-05-26;180;100;0;;
SPE00120566;1978-05-27;220;100;0;;
SPE00120566;1978-05-28;240;120;10;;
SPE00120566;1978-05-29;200;110;89;;
SPE00120566;1978-05-31;240;110;0;;
SPE00120566;1978-06-01;270;130;0;;
SPE00120566;1978-06-08;260;160;0;;
SPE00120566;1978-06-09;270;160;0;;
SPE00120566;1978-06-10;;140;201;;
SPE00120566;1978-06-11;260;150;30;;
SPE00120566;1978-06-13;250;180;0;;
SPE00120566;1978-06-14;190;130;5;;
SPE00120566;1978-06-15;230;120;20;;
SPE00120566;1978-06-16;190;110;0;;
SPE00120566;1978-06-22;270;140;0;;
SPE00120566;1978-06-24;210;120;0;;
SPE00120566;1978-06-28;270;120;0;;
SPE00120566;1978-06-29;230;160;0;;
SPE00120566;1978-06-30;220;150;3;;
SPE00120566;1978-07-01;260;140;0;;
SPE00120566;1978-07-02;290;;;;
SPE00120566;1978-07-03;310;150;0;;
SPE00120566;1978-07-04;310;200;0;;
SPE00120566;1978-07-07;300;120;0;;
SPE00120566;1978-07-08;330;140;0;;
SPE00120566;1978-07-09;350;160;0;;
SPE00120566;1978-07-11;300;170;0;;
SPE00120566;1978-07-12;320;170;0;;
SPE00120566;1978-07-13;350;190;0;;
SPE00120566;1978-07-14;380;200;0;;
SPE00120566;1978-07-15;390;200;0;;
SPE00120566;1978-07-16;400;220;0;;
SPE00120566;1978-07-18;320;210;0;;
SPE00120566;1978-07-19;300;170;0;;
SPE00120566;1978-07-20;320;160;0;;
SPE00120566;1978-07-21;340;180;0;;
SPE00120566;1978-07-22;350;210;0;;
SPE00120566;1978-07-24;360;200;0;;
SPE00120566;1978-07-25;370;190;0;;
SPE00120566;1978-07-27;370;210;0;;
SPE00120566;1978-07-28;390;230;0;;
SPE00120566;1978-07-29;340;210;0;;
SPE00120566;1978-07-30;320;220;0;;
SPE00120566;1978-07-31;260;170;0;;
SPE00120566;1978-08-01;290;150;0;;
SPE00120566;1978-08-02;330;160;0;;
SPE00120566;1978-08-06;330;190;0;;
SPE00120566;1978-08-07;220;170;0;;
SPE00120566;1978-08-08;270;120;0;;
SPE00120566;1978-08-09;300;130;0;;
SPE00120566;1978-08-10;320;140;0;;
SPE00120566;1978-08-11;;170;0;;
SPE00120566;1978-08-12;340;190;0;;
SPE00120566;1978-08-13;350;180;0;;
SPE00120566;1978-08-14;370;190;0;;
SPE00120566;1978-08-17;320;170;0;;
SPE00120566;1978-08-18;;190;;;
SPE00120566;1978-08-21;350;190;0;;
SPE00120566;1978-08-22;370;190;0;;
SPE00120566;1978-08-23;360;200;0;;
SPE00120566;1978-08-24;;210;;;
SPE00120566;1978-08-25;350;190;0;;
SPE00120566;1978-08-26;360;180;0;;
SPE00120566;1978-08-29;330;180;0;;
SPE00120566;1978-08-31;360;190;0;;
SPE00120566;1978-09-05;250;170;0;;
SPE00120566;1978-09-06;260;160;0;;
SPE00120566;1978-09-07;320;;;;
SPE00120566;1978-09-08;330;160;0;;
SPE00120566;1978-09-09;330;180;0;;
SPE00120566;1978-09-11;350;;;;
SPE00120566;1978-09-12;;180;;;
SPE00120566;1978-09-13;330;160;0;;
SPE00120566;1978-09-14;340;160;0;;
SPE00120566;1978-09-16;350;150;0;;
SPE00120566;1978-09-17;350;160;0;;
SPE00120566;1978-09-19;310;170;0;;
SPE00120566;1978-09-20;320;170;0;;
SPE00120566;1978-09-23;;150;;;
SPE00120566;1978-09-26;;140;;;
SPE00120566;1978-09-28;270;100;0;;
SPE00120566;1978-09-30;260;110;0;;
SPE00120566;1978-10-01;180;130;0;;
SPE00120566;1978-10-02;170;;;;
SPE00120566;1978-10-04;210;70;0;;
SPE00120566;1978-10-05;;80;;;
SPE00120566;1978-10-08;260;130;0;;
SPE00120566;1978-10-09;;150;;;
SPE00120566;1978-10-10;280;160;0;;
SPE00120566;1978-10-11;240;160;0;;
SPE00120566;1978-10-12;230;150;0;;
SPE00120566;1978-10-13;210;150;43;;
SPE00120566;1978-10-14;200;130;20;;
SPE00120566;1978-10-15;240;130;0;;
SPE00120566;1978-10-17;200;110;0;;
SPE00120566;1978-10-18;140;110;;;
SPE00120566;1978-10-19;180;60;0;;
SPE00120566;1978-10-20;200;70;0;;
SPE00120566;1978-10-21;220;80;0;;
SPE00120566;1978-10-22;;80;;;
SPE00120566;1978-10-23;;60;;;
SPE00120566;1978-10-24;240;70;0;;
SPE00120566;1978-10-25;220;80;0;;
SPE00120566;1978-10-26;;80;;;
SPE00120566;1978-10-27;240;70;0;;
SPE00120566;1978-10-28;230;70;0;;
SPE00120566;1978-10-30;200;70;0;;
SPE00120566;1978-10-31;210;60;0;;
SPE00120566;1978-11-01;200;60;0;;
SPE00120566;1978-11-02;;80;;;
SPE00120566;1978-11-03;180;70;0;;
SPE00120566;1978-11-04;180;60;0;;
SPE00120566;1978-11-05;170;60;0;;
SPE00120566;1978-11-06;200;80;0;;
SPE00120566;1978-11-07;150;120;5;;
SPE00120566;1978-11-08;140;120;71;;
SPE00120566;1978-11-09;130;;51;;
SPE00120566;1978-11-10;120;110;;;
SPE00120566;1978-11-11;130;90;119;;
SPE00120566;1978-11-12;90;50;0;;
SPE00120566;1978-11-13;120;60;0;;
SPE00120566;1978-11-14;140;50;0;;
SPE00120566;1978-11-15;150;50;0;;
SPE00120566;1978-11-16;140;20;0;;
SPE00120566;1978-11-18;140;20;0;;
SPE00120566;1978-11-20;150;10;0;;
SPE00120566;1978-11-21;120;20;0;;
SPE00120566;1978-11-22;140;50;0;;
SPE00120566;1978-11-23;130;50;0;;
SPE00120566;1978-11-24;120;;0;;
SPE00120566;1978-11-26;100;50;0;;
SPE00120566;1978-11-27;130;40;0;;
SPE00120566;1978-11-28;120;30;0;;
SPE00120566;1978-12-01;130;-10;0;;
SPE00120566;1978-12-02;140;90;150;;
SPE00120566;1978-12-04;160;90;10;;
SPE00120566;1978-12-05;110;30;0;;
SPE00120566;1978-12-06;80;20;30;;
SPE00120566;1978-12-08;170;130;15;;
SPE00120566;1978-12-09;170;;30;;
SPE00120566;1978-12-12;170;100;5;;
SPE00120566;1978-12-13;170;130;0;;
SPE00120566;1978-12-16;100;60;71;;
SPE00120566;1978-12-30;150;100;0;;
SPE00120566;1979-01-06;90;10;0;;
SPE00120566;1979-01-09;120;60;;;
SPE00120566;1979-01-10;90;30;0;;
SPE00120566;1979-01-11;130;90;0;;
SPE00120566;1979-01-12;150;90;0;;
SPE00120566;1979-01-13;150;60;0;;
SPE00120566;1979-01-17;;0;;;
SPE00120566;1979-01-18;110;40;140;;
SPE00120566;1979-01-20;90;;;;
SPE00120566;1979-01-21;100;20;10;;
SPE00120566;1979-01-22;120;80;61;;
SPE00120566;1979-01-23;120;90;5;;
SPE00120566;1979-01-26;;70;;;
SPE00120566;1979-01-28;90;;20;;
SPE00120566;1979-01-29;90;40;20;;
SPE00120566;1979-01-30;100;50;0;;
SPE00120566;1979-01-31;90;10;0;;
SPE00120566;1979-02-03;140;;;;
SPE00120566;1979-02-07;150;110;5;;
SPE00120566;1979-02-08;170;120;;;
SPE00120566;1979-02-09;200;;20;;
SPE00120566;1979-02-10;150;90;104;;
SPE00120566;1979-02-12;140;;41;;
SPE00120566;1979-02-16;50;-10;0;;
SPE00120566;1979-02-17;90;-20;0;;
SPE00120566;1979-02-20;150;;;;
SPE00120566;1979-02-21;80;40;51;;
SPE00120566;1979-02-22;120;30;41;;
SPE00120566;1979-02-23;130;30;;;
SPE00120566;1979-02-24;120;20;0;;
SPE00120566;1979-02-26;90;-10;0;;
SPE00120566;1979-02-27;120;-10;0;;
SPE00120566;1979-03-01;90;10;10;;
SPE00120566;1979-03-03;150;30;0;;
SPE00120566;1979-03-04;180;60;0;;
SPE00120566;1979-03-05;180;100;0;;
SPE00120566;1979-03-06;150;100;0;;
SPE00120566;1979-03-07;130;90;;;
SPE00120566;1979-03-08;160;80;0;;
SPE00120566;1979-03-09;;70;;;
SPE00120566;1979-03-10;190;;;;
SPE00120566;1979-03-16;;20;;;
SPE00120566;1979-03-20;110;40;10;;
SPE00120566;1979-03-21;100;40;10;;
SPE00120566;1979-03-22;130;40;0;;
SPE00120566;1979-03-23;150;;;;
SPE00120566;1979-03-26;140;110;51;;
SPE00120566;1979-03-27;120;50;0;;
SPE00120566;1979-03-29;110;30;0;;
SPE00120566;1979-03-30;100;20;0;;
SPE00120566;1979-04-01;;30;0;;
SPE00120566;1979-04-04;120;60;5;;
SPE00120566;1979-04-08;170;80;20;;
SPE00120566;1979-04-09;170;120;;;
SPE00120566;1979-04-10;140;90;61;;
SPE00120566;1979-04-12;160;60;10;;
SPE00120566;1979-04-15;160;70;0;;
SPE00120566;1979-04-16;200;70;41;;
SPE00120566;1979-04-17;200;80;0;;
SPE00120566;1979-04-21;;60;;;
SPE00120566;1979-04-22;220;130;0;;
SPE00120566;1979-04-24;170;100;0;;
SPE00120566;1979-04-28;160;30;0;;
SPE00120566;1979-05-01;240;90;0;;
SPE00120566;1979-05-03;;80;;;
SPE00120566;1979-05-04;210;90;0;;
SPE00120566;1979-05-09;;100;;;
SPE00120566;1979-05-10;;100;;;
SPE00120566;1979-05-11;;110;0;;
SPE00120566;1979-05-14;300;130;0;;
SPE00120566;1979-05-15;;140;;;
SPE00120566;1979-05-16;290;180;0;;
SPE00120566;1979-05-17;270;160;0;;
SPE00120566;1979-05-20;180;50;10;;
SPE00120566;1979-05-21;230;100;0;;
SPE00120566;1979-05-22;220;120;0;;
SPE00120566;1979-05-23;;120;;;
SPE00120566;1979-05-24;200;90;0;;
SPE00120566;1979-05-26;180;140;0;;
SPE00120566;1979-05-27;210;120;0;;
SPE00120566;1979-05-28;280;120;0;;
SPE00120566;1979-05-30;260;140;0;;
SPE00120566;1979-06-05;300;160;0;;
SPE00120566;1979-06-07;310;150;0;;
SPE00120566;1979-06-08;;170;;;
SPE00120566;1979-06-14;;160;;;
SPE00120566;1979-06-15;;;0;;
SPE00120566;1979-06-16;280;170;0;;
SPE00120566;1979-06-24;320;180;0;;
SPE00120566;1979-07-03;280;130;0;;
SPE00120566;1979-07-09;380;190;0;;
SPE00120566;1979-07-11;260;;10;;
SPE00120566;1979-07-13;290;170;0;;
SPE00120566;1979-07-14;320;170;0;;
SPE00120566;1979-07-15;320;200;0;;
SPE00120566;1979-07-17;360;230;0;;
SPE00120566;1979-07-21;340;170;0;;
SPE00120566;1979-07-23;310;200;0;;
SPE00120566;1979-07-25;330;220;0;;
SPE00120566;1979-07-30;350;220;0;;
SPE00120566;1979-08-01;;210;;;
SPE00120566;1979-08-02;;210;;;
SPE00120566;1979-08-05;340;230;0;;
SPE00120566;1979-08-06;350;210;0;;
SPE00120566;1979-08-07;;220;;;
SPE00120566;1979-08-12;360;190;0;;
SPE00120566;1979-08-14;;230;0;;
SPE00120566;1979-08-16;270;130;0;;
SPE00120566;1979-08-17;310;170;0;;
SPE00120566;1979-08-19;260;;;;
SPE00120566;1979-08-20;290;160;0;;
SPE00120566;1979-08-23;310;;;;
SPE00120566;1979-08-26;330;200;0;;
SPE00120566;1979-08-31;;190;;;
SPE00120566;1979-09-02;340;180;0;;
SPE00120566;1979-09-05;330;190;0;;
SPE00120566;1979-09-06;280;210;;;
SPE00120566;1979-09-07;280;150;0;;
SPE00120566;1979-09-09;;190;;;
SPE00120566;1979-09-12;;190;;;
SPE00120566;1979-09-16;270;;;;
SPE00120566;1979-09-18;230;150;3;;
SPE00120566;1979-09-19;240;150;0;;
SPE00120566;1979-09-20;250;150;0;;
SPE00120566;1979-09-21;210;170;0;;
SPE00120566;1979-09-24;210;70;0;;
SPE00120566;1979-09-27;260;120;0;;
SPE00120566;1979-09-28;;130;0;;
SPE00120566;1979-09-29;;130;;;
SPE00120566;1979-09-30;270;140;0;;
SPE00120566;1979-10-02;290;140;0;;
SPE00120566;1979-10-03;280;140;0;;
SPE00120566;1979-10-07;220;150;0;;
SPE00120566;1979-10-08;270;140;0;;
SPE00120566;1979-10-09;;;170;;
SPE00120566;1979-10-11;150;100;79;;
SPE00120566;1979-10-12;140;110;43;;
SPE00120566;1979-10-24;180;100;0;;
SPE00120566;1979-10-25;150;110;0;;
SPE00120566;1979-10-26;130;;0;;
SPE00120566;1979-10-28;140;80;0;;
SPE00120566;1979-10-29;190;100;0;;
SPE00120566;1979-10-30;180;90;0;;
SPE00120566;1979-10-31;180;60;0;;
SPE00120566;1979-11-01;180;60;0;;
SPE00120566;1979-11-02;190;110;0;;
SPE00120566;1979-11-03;190;70;0;;
SPE00120566;1979-11-04;200;80;0;;
SPE00120566;1979-11-05;230;70;0;;
SPE00120566;1979-11-06;230;;0;;
SPE00120566;1979-11-08;210;;;;
SPE00120566;1979-11-09;170;110;0;;
SPE00120566;1979-11-10;130;60;20;;
SPE00120566;1979-11-11;;20;;;
SPE00120566;1979-11-12;120;-10;0;;
SPE00120566;1979-11-13;;60;;;
SPE00120566;1979-11-14;190;120;0;;
SPE00120566;1979-11-15;100;;0;;
SPE00120566;1979-11-16;100;40;0;;
SPE00120566;1979-11-19;170;50;0;;
SPE00120566;1979-11-20;170;70;0;;
SPE00120566;1979-11-21;140;50;0;;
SPE00120566;1979-11-22;130;0;0;;
SPE00120566;1979-11-23;90;10;0;;
SPE00120566;1979-11-24;100;-10;0;;
SPE00120566;1979-11-25;110;;0;;
SPE00120566;1979-11-26;130;;;;
SPE00120566;1979-11-27;140;-10;0;;
SPE00120566;1979-11-28;170;10;0;;
SPE00120566;1979-11-30;160;20;0;;
SPE00120566;1979-12-01;180;20;0;;
SPE00120566;1979-12-03;150;20;0;;
SPE00120566;1979-12-04;150;30;0;;
SPE00120566;1979-12-05;140;;;;
SPE00120566;1979-12-07;120;0;0;;
SPE00120566;1979-12-09;140;80;0;;
SPE00120566;1979-12-11;150;130;0;;
SPE00120566;1979-12-12;150;90;0;;
SPE00120566;1979-12-13;140;70;0;;
SPE00120566;1979-12-14;120;50;0;;
SPE00120566;1979-12-15;120;50;0;;
SPE00120566;1979-12-16;140;;0;;
SPE00120566;1979-12-17;150;;0;;
SPE00120566;1979-12-18;130;50;0;;
SPE00120566;1979-12-19;90;40;0;;
SPE00120566;1979-12-20;80;10;0;;
SPE00120566;1979-12-21;50;;0;;
SPE00120566;1979-12-22;30;;;;
SPE00120566;1979-12-23;100;;;;
SPE00120566;1979-12-25;;70;109;;
SPE00120566;1979-12-26;110;40;0;;
SPE00120566;1979-12-27;70;;0;;
SPE00120566;1979-12-28;;50;;;
SPE00120566;1979-12-29;;60;0;;
SPE00120566;1979-12-30;130;20;0;;
SPE00120566;1979-12-31;;100;;;
SPE00120566;1980-01-01;160;100;0;;
SPE00120566;1980-01-02;;70;;;
SPE00120566;1980-01-03;140;;0;;
SPE00120566;1980-01-04;130;;0;;
SPE00120566;1980-01-05;140;;0;;
SPE00120566;1980-01-07;50;;0;;
SPE00120566;1980-01-08;;-30;;;
SPE00120566;1980-01-09;100;;10;;
SPE00120566;1980-01-10;110;50;0;;
SPE00120566;1980-01-11;110;50;0;;
SPE00120566;1980-01-13;;-30;;;
SPE00120566;1980-01-15;;0;0;;
SPE00120566;1980-01-16;20;-20;41;;
SPE00120566;1980-01-17;;10;;;
SPE00120566;1980-01-18;60;;0;;
SPE00120566;1980-01-19;70;10;5;;
SPE00120566;1980-01-20;90;60;5;;
SPE00120566;1980-01-26;130;40;0;;
SPE00120566;1980-01-27;180;;0;;
SPE00120566;1980-01-28;;60;5;;
SPE00120566;1980-01-29;140;30;0;;
SPE00120566;1980-01-30;130;30;0;;
SPE00120566;1980-01-31;140;80;3;;
SPE00120566;1980-02-01;130;30;0;;
SPE00120566;1980-02-02;;10;;;
SPE00120566;1980-02-03;150;20;0;;
SPE00120566;1980-02-04;170;;0;;
SPE00120566;1980-02-05;190;40;0;;
SPE00120566;1980-02-06;120;30;0;;
SPE00120566;1980-02-07;130;60;0;;
SPE00120566;1980-02-08;130;0;0;;
SPE00120566;1980-02-09;180;;;;
SPE00120566;1980-02-10;190;40;3;;
SPE00120566;1980-02-11;;0;;;
SPE00120566;1980-02-12;160;0;0;;
SPE00120566;1980-02-13;160;;;;
SPE00120566;1980-02-14;140;10;0;;
SPE00120566;1980-02-16;170;100;30;;
SPE00120566;1980-02-18;;0;0;;
SPE00120566;1980-02-19;90;50;71;;
SPE00120566;1980-02-20;90;60;3;;
SPE00120566;1980-02-22;120;90;53;;
SPE00120566;1980-02-23;130;80;20;;
SPE00120566;1980-02-24;140;90;5;;
SPE00120566;1980-02-25;140;60;0;;
SPE00120566;1980-02-26;90;;61;;
SPE00120566;1980-02-27;70;;53;;
SPE00120566;1980-02-28;110;20;3;;
SPE00120566;1980-03-01;;50;;;
SPE00120566;1980-03-03;130;;;;
SPE00120566;1980-03-04;160;50;;;
SPE00120566;1980-03-05;160;60;20;;
SPE00120566;1980-03-06;160;50;0;;
SPE00120566;1980-03-07;140;100;0;;
SPE00120566;1980-03-08;150;40;0;;
SPE00120566;1980-03-10;180;50;0;;
SPE00120566;1980-03-11;180;50;0;;
SPE00120566;1980-03-12;200;40;0;;
SPE00120566;1980-03-13;130;90;;;
SPE00120566;1980-03-14;120;50;0;;
SPE00120566;1980-03-16;160;10;0;;
SPE00120566;1980-03-17;130;30;0;;
SPE00120566;1980-03-18;150;;;;
SPE00120566;1980-03-19;120;;;;
SPE00120566;1980-03-20;110;60;3;;
SPE00120566;1980-03-21;100;60;180;;
SPE00120566;1980-03-22;;40;;;
SPE00120566;1980-03-23;130;30;0;;
SPE00120566;1980-03-24;150;40;0;;
SPE00120566;1980-03-25;140;;;;
SPE00120566;1980-03-26;;100;;;
SPE00120566;1980-03-27;150;110;0;;
SPE00120566;1980-03-29;190;130;0;;
SPE00120566;1980-03-30;;100;;;
SPE00120566;1980-03-31;270;90;0;;
SPE00120566;1980-04-02;250;130;0;;
SPE00120566;1980-04-04;170;50;0;;
SPE00120566;1980-04-05;170;50;0;;
SPE00120566;1980-04-07;180;40;0;;
SPE00120566;1980-04-09;160;50;0;;
SPE00120566;1980-04-10;200;20;0;;
SPE00120566;1980-04-11;190;;0;;
SPE00120566;1980-04-16;170;60;0;;
SPE00120566;1980-04-19;200;70;10;;
SPE00120566;1980-04-20;;70;;;
SPE00120566;1980-04-21;;60;;;
SPE00120566;1980-04-22;200;30;0;;
SPE00120566;1980-04-23;;50;;;
SPE00120566;1980-04-24;;50;;;
SPE00120566;1980-04-25;220;40;0;;
SPE00120566;1980-04-26;;80;0;;
SPE00120566;1980-04-27;220;120;20;;
SPE00120566;1980-05-01;150;90;0;;
SPE00120566;1980-05-02;200;70;0;;
SPE00120566;1980-05-03;160;100;23;;
SPE00120566;1980-05-05;170;100;10;;
SPE00120566;1980-05-06;200;130;30;;
SPE00120566;1980-05-07;190;;10;;
SPE00120566;1980-05-08;200;110;30;;
SPE00120566;1980-05-09;230;;0;;
SPE00120566;1980-05-13;170;50;20;;
SPE00120566;1980-05-19;200;100;0;;
SPE00120566;1980-05-20;;90;;;
SPE00120566;1980-05-21;260;120;0;;
SPE00120566;1980-05-22;;90;;;
SPE00120566;1980-05-28;200;70;0;;
SPE00120566;1980-05-29;210;110;0;;
SPE00120566;1980-06-01;300;;;;
SPE00120566;1980-06-02;;130;;;
SPE00120566;1980-06-03;320;160;0;;
SPE00120566;1980-06-08;230;120;5;;
SPE00120566;1980-06-09;240;140;;;
SPE00120566;1980-06-10;;130;;;
SPE00120566;1980-06-11;290;150;0;;
SPE00120566;1980-06-14;220;110;71;;
SPE00120566;1980-06-16;270;140;0;;
SPE00120566;1980-06-18;;160;;;
SPE00120566;1980-06-19;340;180;0;;
SPE00120566;1980-06-21;340;180;0;;
SPE00120566;1980-06-25;280;160;0;;
SPE00120566;1980-06-27;260;;;;
SPE00120566;1980-07-14;;160;;;
SPE00120566;1980-07-15;330;200;0;;
SPE00120566;1980-07-26;;160;;;
SPE00120566;1980-07-27;340;;;;
SPE00120566;1980-08-02;370;;;;
SPE00120566;1980-08-04;360;200;0;;
SPE00120566;1980-08-06;390;190;0;;
SPE00120566;1980-08-07;350;240;0;;
SPE00120566;1980-08-12;370;230;0;;
SPE00120566;1980-08-14;310;230;0;;
SPE00120566;1980-08-15;280;170;0;;
SPE00120566;1980-08-18;350;170;0;;
SPE00120566;1980-08-19;300;180;0;;
SPE00120566;1980-08-21;390;210;0;;
SPE00120566;1980-08-22;380;250;0;;
SPE00120566;1980-08-26;270;190;0;;
SPE00120566;1980-08-28;330;;;;
SPE00120566;1980-08-29;360;190;0;;
SPE00120566;1980-08-30;360;;;;
SPE00120566;1980-09-04;340;190;0;;
SPE00120566;1980-09-06;350;170;0;;
SPE00120566;1980-09-08;310;;;;
SPE00120566;1980-09-12;330;190;0;;
SPE00120566;1980-09-13;330;230;0;;
SPE00120566;1980-09-14;330;180;0;;
SPE00120566;1980-09-15;340;170;0;;
SPE00120566;1980-09-20;210;130;41;;
SPE00120566;1980-09-27;;160;;;
SPE00120566;1980-09-29;270;150;0;;
SPE00120566;1980-10-04;;160;;;
SPE00120566;1980-10-07;290;160;0;;
SPE00120566;1980-10-10;;90;;;
SPE00120566;1980-10-11;;150;;;
SPE00120566;1980-10-13;;100;;;
SPE00120566;1980-10-16;140;70;340;;
SPE00120566;1980-10-17;130;60;439;;
SPE00120566;1980-10-18;140;30;0;;
SPE00120566;1980-10-20;;40;;;
SPE00120566;1980-10-21;190;80;0;;
SPE00120566;1980-10-23;190;140;0;;
SPE00120566;1980-10-24;210;;;;
SPE00120566;1980-10-25;200;110;0;;
SPE00120566;1980-10-27;230;90;0;;
SPE00120566;1980-10-29;240;100;0;;
SPE00120566;1980-11-01;220;80;0;;
SPE00120566;1980-11-02;170;70;20;;
SPE00120566;1980-11-04;120;;0;;
SPE00120566;1980-11-05;90;10;0;;
SPE00120566;1980-11-07;160;30;10;;
SPE00120566;1980-11-08;110;;234;;
SPE00120566;1980-11-10;;70;;;
SPE00120566;1980-11-11;170;;0;;
SPE00120566;1980-11-12;160;140;;;
SPE00120566;1980-11-14;120;10;0;;
SPE00120566;1980-11-15;140;-10;0;;
SPE00120566;1980-11-16;140;10;0;;
SPE00120566;1980-11-17;150;20;0;;
SPE00120566;1980-11-18;160;90;0;;
SPE00120566;1980-11-19;100;60;0;;
SPE00120566;1980-11-20;160;20;0;;
SPE00120566;1980-11-22;170;;;;
SPE00120566;1980-11-23;160;50;0;;
SPE00120566;1980-11-24;120;60;0;;
SPE00120566;1980-11-25;100;20;0;;
SPE00120566;1980-11-27;100;;;;
SPE00120566;1980-11-28;120;20;0;;
SPE00120566;1980-11-29;100;;0;;
SPE00120566;1980-11-30;60;10;0;;
SPE00120566;1980-12-01;70;-10;0;;
SPE00120566;1980-12-03;;;0;;
SPE00120566;1980-12-04;100;;;;
SPE00120566;1980-12-05;100;-30;0;;
SPE00120566;1980-12-08;70;-10;0;;
SPE00120566;1980-12-09;80;0;0;;
SPE00120566;1980-12-10;110;;0;;
SPE00120566;1980-12-11;110;-10;0;;
SPE00120566;1980-12-12;90;-10;0;;
SPE00120566;1980-12-13;100;-20;0;;
SPE00120566;1980-12-15;110;40;71;;
SPE00120566;1980-12-19;130;50;0;;
SPE00120566;1980-12-20;140;70;3;;
SPE00120566;1980-12-21;150;;0;;
SPE00120566;1980-12-22;140;10;0;;
SPE00120566;1980-12-23;140;10;0;;
SPE00120566;1980-12-24;130;0;0;;
SPE00120566;1980-12-25;120;0;;;
SPE00120566;1980-12-26;110;;;;
SPE00120566;1980-12-27;110;0;0;;
SPE00120566;1980-12-28;60;0;0;;
SPE00120566;1980-12-29;100;-10;0;;
SPE00120566;1980-12-30;120;;;;
SPE00120566;1980-12-31;140;-10;0;;
SPE00120566;1981-01-01;110;-30;0;;
SPE00120566;1981-01-02;130;;0;;
SPE00120566;1981-01-03;130;-30;0;;
SPE00120566;1981-01-04;100;;0;;
SPE00120566;1981-01-05;130;-20;0;;
SPE00120566;1981-01-06;130;-10;0;;
SPE00120566;1981-01-09;120;-30;0;;
SPE00120566;1981-01-10;100;-30;0;;
SPE00120566;1981-01-12;10;-10;10;;
SPE00120566;1981-01-14;100;-20;0;;
SPE00120566;1981-01-15;120;0;0;;
SPE00120566;1981-01-16;160;60;0;;
SPE00120566;1981-01-17;160;;0;;
SPE00120566;1981-01-20;160;40;0;;
SPE00120566;1981-01-21;180;90;0;;
SPE00120566;1981-01-22;170;50;0;;
SPE00120566;1981-01-23;140;;0;;
SPE00120566;1981-01-27;140;-20;0;;
SPE00120566;1981-01-29;120;;0;;
SPE00120566;1981-02-01;150;-30;0;;
SPE00120566;1981-02-03;140;-40;0;;
SPE00120566;1981-02-04;;40;0;;
SPE00120566;1981-02-07;190;30;0;;
SPE00120566;1981-02-08;180;10;0;;
SPE00120566;1981-02-09;140;20;0;;
SPE00120566;1981-02-10;70;;102;;
SPE00120566;1981-02-11;70;30;0;;
SPE00120566;1981-02-13;90;20;5;;
SPE00120566;1981-02-15;100;30;0;;
SPE00120566;1981-02-17;130;-10;0;;
SPE00120566;1981-02-18;120;-10;0;;
SPE00120566;1981-02-22;120;30;0;;
SPE00120566;1981-02-24;150;10;0;;
SPE00120566;1981-03-01;150;60;0;;
SPE00120566;1981-03-02;;60;;;
SPE00120566;1981-03-03;160;50;0;;
SPE00120566;1981-03-04;180;80;0;;
SPE00120566;1981-03-06;170;;;;
SPE00120566;1981-03-07;210;70;0;;
SPE00120566;1981-03-08;180;130;0;;
SPE00120566;1981-03-09;200;80;0;;
SPE00120566;1981-03-11;240;;0;;
SPE00120566;1981-03-13;180;80;0;;
SPE00120566;1981-03-15;160;70;0;;
SPE00120566;1981-03-16;170;30;0;;
SPE00120566;1981-03-17;150;50;0;;
SPE00120566;1981-03-21;160;90;0;;
SPE00120566;1981-03-22;190;;0;;
SPE00120566;1981-03-23;180;120;0;;
SPE00120566;1981-03-25;240;90;0;;
SPE00120566;1981-03-26;210;110;0;;
SPE00120566;1981-03-27;170;70;0;;
SPE00120566;1981-03-28;160;90;150;;
SPE00120566;1981-03-29;130;70;51;;
SPE00120566;1981-03-30;140;60;0;;
SPE00120566;1981-03-31;170;90;0;;
SPE00120566;1981-04-01;170;;;;
SPE00120566;1981-04-03;160;;;;
SPE00120566;1981-04-04;180;;;;
SPE00120566;1981-04-05;210;60;0;;
SPE00120566;1981-04-06;200;100;0;;
SPE00120566;1981-04-07;220;100;0;;
SPE00120566;1981-04-08;190;;;;
SPE00120566;1981-04-09;;120;;;
SPE00120566;1981-04-10;200;120;41;;
SPE00120566;1981-04-11;190;100;20;;
SPE00120566;1981-04-12;220;90;0;;
SPE00120566;1981-04-13;220;;;;
SPE00120566;1981-04-14;200;90;3;;
SPE00120566;1981-04-15;210;60;0;;
SPE00120566;1981-04-16;180;110;61;;
SPE00120566;1981-04-17;160;90;64;;
SPE00120566;1981-04-18;200;80;0;;
SPE00120566;1981-04-21;110;;;;
SPE00120566;1981-04-22;90;60;300;;
SPE00120566;1981-04-23;100;40;20;;
SPE00120566;1981-04-24;160;60;20;;
SPE00120566;1981-04-25;160;70;;;
SPE00120566;1981-04-26;120;30;0;;
SPE00120566;1981-04-27;120;40;30;;
SPE00120566;1981-04-28;160;10;180;;
SPE00120566;1981-04-29;180;70;3;;
SPE00120566;1981-04-30;210;70;0;;
SPE00120566;1981-05-01;200;80;0;;
SPE00120566;1981-05-02;;90;;;
SPE00120566;1981-05-03;190;90;0;;
SPE00120566;1981-05-04;230;100;0;;
SPE00120566;1981-05-05;;120;;;
SPE00120566;1981-05-06;290;100;0;;
SPE00120566;1981-05-08;170;100;71;;
SPE00120566;1981-05-09;150;;91;;
SPE00120566;1981-05-10;120;80;71;;
SPE00120566;1981-05-12;190;80;0;;
SPE00120566;1981-05-13;200;90;0;;
SPE00120566;1981-05-14;220;80;0;;
SPE00120566;1981-05-15;200;100;0;;
SPE00120566;1981-05-16;;100;0;;
SPE00120566;1981-05-17;230;100;0;;
SPE00120566;1981-05-19;290;130;0;;
SPE00120566;1981-05-20;220;160;3;;
SPE00120566;1981-05-21;200;110;0;;
SPE00120566;1981-05-22;250;90;0;;
SPE00120566;1981-05-23;280;100;0;;
SPE00120566;1981-05-24;290;140;0;;
SPE00120566;1981-05-25;180;;89;;
SPE00120566;1981-05-26;;90;;;
SPE00120566;1981-05-28;270;120;0;;
SPE00120566;1981-05-29;;150;;;
SPE00120566;1981-05-30;300;110;0;;
SPE00120566;1981-06-01;270;170;0;;
SPE00120566;1981-06-02;230;140;0;;
SPE00120566;1981-06-03;230;140;0;;
SPE00120566;1981-06-04;260;120;0;;
SPE00120566;1981-06-05;;100;;;
SPE00120566;1981-06-06;330;140;0;;
SPE00120566;1981-06-07;340;170;0;;
SPE00120566;1981-06-08;340;200;0;;
SPE00120566;1981-06-09;320;190;0;;
SPE00120566;1981-06-11;380;190;0;;
SPE00120566;1981-06-12;400;210;0;;
SPE00120566;1981-06-13;390;220;0;;
SPE00120566;1981-06-15;350;210;0;;
SPE00120566;1981-06-16;360;200;0;;
SPE00120566;1981-06-17;380;200;0;;
SPE00120566;1981-06-19;330;;;;
SPE00120566;1981-06-21;340;180;0;;
SPE00120566;1981-06-22;340;190;0;;
SPE00120566;1981-06-23;280;150;0;;
SPE00120566;1981-06-24;280;150;0;;
SPE00120566;1981-06-25;300;180;0;;
SPE00120566;1981-06-26;270;160;0;;
SPE00120566;1981-06-28;250;130;0;;
SPE00120566;1981-06-29;280;120;0;;
SPE00120566;1981-06-30;;150;;;
SPE00120566;1981-07-01;300;160;0;;
SPE00120566;1981-07-02;240;;;;
SPE00120566;1981-07-03;260;130;20;;
SPE00120566;1981-07-04;310;130;0;;
SPE00120566;1981-07-06;360;180;0;;
SPE00120566;1981-07-07;;200;;;
SPE00120566;1981-07-08;350;;;;
SPE00120566;1981-07-09;280;190;0;;
SPE00120566;1981-07-10;280;160;0;;
SPE00120566;1981-07-11;310;140;0;;
SPE00120566;1981-07-12;330;170;0;;
SPE00120566;1981-07-13;340;180;0;;
SPE00120566;1981-07-15;;200;;;
SPE00120566;1981-07-16;;200;;;
SPE00120566;1981-07-17;370;210;0;;
SPE00120566;1981-07-18;260;170;0;;
SPE00120566;1981-07-22;350;190;0;;
SPE00120566;1981-07-23;300;190;0;;
SPE00120566;1981-07-24;270;;;;
SPE00120566;1981-07-25;280;130;0;;
SPE00120566;1981-07-27;340;180;0;;
SPE00120566;1981-07-28;390;190;0;;
SPE00120566;1981-07-29;;210;0;;
SPE00120566;1981-07-30;390;240;0;;
SPE00120566;1981-07-31;350;250;0;;
SPE00120566;1981-08-02;300;160;0;;
SPE00120566;1981-08-03;;160;;;
SPE00120566;1981-08-04;310;;0;;
SPE00120566;1981-08-06;350;180;0;;
SPE00120566;1981-08-07;;200;;;
SPE00120566;1981-08-08;340;190;0;;
SPE00120566;1981-08-10;340;190;0;;
SPE00120566;1981-08-11;;180;;;
SPE00120566;1981-08-12;350;190;0;;
SPE00120566;1981-08-14;350;190;0;;
SPE00120566;1981-08-15;;190;0;;
SPE00120566;1981-08-16;340;180;0;;
SPE00120566;1981-08-17;350;200;0;;
SPE00120566;1981-08-18;360;190;0;;
SPE00120566;1981-08-19;;200;;;
SPE00120566;1981-08-20;280;190;0;;
SPE00120566;1981-08-21;310;170;0;;
SPE00120566;1981-08-22;290;160;0;;
SPE00120566;1981-08-23;330;;;;
SPE00120566;1981-08-24;340;190;0;;
SPE00120566;1981-08-25;340;170;0;;
SPE00120566;1981-08-26;330;180;0;;
SPE00120566;1981-08-30;290;170;5;;
SPE00120566;1981-08-31;290;150;3;;
SPE00120566;1981-09-01;300;;;;
SPE00120566;1981-09-04;320;;;;
SPE00120566;1981-09-08;;190;;;
SPE00120566;1981-09-14;320;150;0;;
SPE00120566;1981-09-16;340;180;0;;
SPE00120566;1981-09-19;;180;;;
SPE00120566;1981-09-20;300;180;0;;
SPE00120566;1981-09-21;280;170;0;;
SPE00120566;1981-09-22;210;;20;;
SPE00120566;1981-09-24;;90;0;;
SPE00120566;1981-09-26;180;140;51;;
SPE00120566;1981-09-27;180;110;109;;
SPE00120566;1981-09-28;200;90;0;;
SPE00120566;1981-09-29;250;80;0;;
SPE00120566;1981-10-02;210;130;0;;
SPE00120566;1981-10-03;210;150;0;;
SPE00120566;1981-10-04;230;140;5;;
SPE00120566;1981-10-05;260;130;0;;
SPE00120566;1981-10-06;;160;;;
SPE00120566;1981-10-08;;130;;;
SPE00120566;1981-10-09;260;160;10;;
SPE00120566;1981-10-11;;150;0;;
SPE00120566;1981-10-12;280;160;0;;
SPE00120566;1981-10-13;280;180;0;;
SPE00120566;1981-10-14;290;130;0;;
SPE00120566;1981-10-15;290;150;0;;
SPE00120566;1981-10-16;300;120;0;;
SPE00120566;1981-10-17;220;170;0;;
SPE00120566;1981-10-18;240;130;0;;
SPE00120566;1981-10-20;260;110;0;;
SPE00120566;1981-10-21;220;130;3;;
SPE00120566;1981-10-22;160;50;0;;
SPE00120566;1981-10-23;170;40;0;;
SPE00120566;1981-10-25;190;;;;
SPE00120566;1981-10-26;180;90;0;;
SPE00120566;1981-10-27;;50;0;;
SPE00120566;1981-11-03;230;50;0;;
SPE00120566;1981-11-04;;70;;;
SPE00120566;1981-11-07;220;60;0;;
SPE00120566;1981-11-08;200;;0;;
SPE00120566;1981-11-09;170;;0;;
SPE00120566;1981-11-19;170;70;0;;
SPE00120566;1981-11-20;160;;;;
SPE00120566;1981-11-21;170;100;0;;
SPE00120566;1981-11-22;180;;;;
SPE00120566;1981-11-23;150;80;0;;
SPE00120566;1981-11-26;180;;0;;
SPE00120566;1981-11-28;200;50;0;;
SPE00120566;1981-11-29;160;90;0;;
SPE00120566;1981-11-30;160;;0;;
SPE00120566;1981-12-01;170;40;0;;
SPE00120566;1981-12-02;150;40;0;;
SPE00120566;1981-12-05;130;-20;0;;
SPE00120566;1981-12-08;120;20;0;;
SPE00120566;1981-12-09;;100;;;
SPE00120566;1981-12-10;150;100;272;;
SPE00120566;1981-12-11;160;110;0;;
SPE00120566;1981-12-12;150;120;0;;
SPE00120566;1981-12-13;180;140;0;;
SPE00120566;1981-12-14;170;130;0;;
SPE00120566;1981-12-15;170;70;0;;
SPE00120566;1981-12-16;170;130;0;;
SPE00120566;1981-12-17;170;90;33;;
SPE00120566;1981-12-18;90;60;10;;
SPE00120566;1981-12-19;100;20;0;;
SPE00120566;1981-12-20;60;;41;;
SPE00120566;1981-12-21;120;10;10;;
SPE00120566;1981-12-23;150;120;0;;
SPE00120566;1981-12-24;120;;41;;
SPE00120566;1981-12-25;110;30;0;;
SPE00120566;1981-12-26;90;0;0;;
SPE00120566;1981-12-27;100;;81;;
SPE00120566;1981-12-29;100;50;61;;
SPE00120566;1981-12-31;100;60;71;;
SPE00120566;1982-01-18;;;0;;
SPE00120566;1982-01-29;93;6;;;
SPE00120566;1982-01-31;153;12;;;
SPE00120566;1982-02-01;142;0;0;;
SPE00120566;1982-02-02;82;22;0;;
SPE00120566;1982-02-03;110;40;0;;
SPE00120566;1982-02-04;142;40;0;;
SPE00120566;1982-02-05;163;29;0;;
SPE00120566;1982-02-06;152;30;0;;
SPE00120566;1982-02-07;123;33;0;;
SPE00120566;1982-02-08;144;6;0;;
SPE00120566;1982-02-09;150;14;0;;
SPE00120566;1982-02-10;136;28;0;;
SPE00120566;1982-02-11;126;46;0;;
SPE00120566;1982-02-12;140;32;0;;
SPE00120566;1982-02-13;126;38;10;;
SPE00120566;1982-02-14;150;32;65;;
SPE00120566;1982-02-15;96;56;77;;
SPE00120566;1982-02-16;69;29;46;;
SPE00120566;1982-02-17;125;17;0;;
SPE00120566;1982-02-18;141;-1;0;;
SPE00120566;1982-02-19;146;56;0;;
SPE00120566;1982-02-20;156;52;0;;
SPE00120566;1982-02-21;123;77;43;;
SPE00120566;1982-02-22;130;50;0;;
SPE00120566;1982-02-23;86;8;0;;
SPE00120566;1982-02-24;122;12;30;;
SPE00120566;1982-02-25;118;48;0;;
SPE00120566;1982-02-26;149;31;0;;
SPE00120566;1982-02-27;206;100;0;;
SPE00120566;1982-02-28;204;72;0;;
SPE00120566;1982-03-01;206;52;0;;
SPE00120566;1982-03-02;206;48;0;;
SPE00120566;1982-03-03;220;18;0;;
SPE00120566;1982-03-04;144;56;0;;
SPE00120566;1982-03-05;146;18;0;;
SPE00120566;1982-03-06;170;2;0;;
SPE00120566;1982-03-07;168;10;0;;
SPE00120566;1982-03-08;146;0;0;;
SPE00120566;1982-03-09;165;5;0;;
SPE00120566;1982-03-10;176;8;0;;
SPE00120566;1982-03-11;205;63;0;;
SPE00120566;1982-03-12;232;38;0;;
SPE00120566;1982-03-13;176;60;0;;
SPE00120566;1982-03-14;198;20;0;;
SPE00120566;1982-03-15;183;73;0;;
SPE00120566;1982-03-16;203;45;0;;
SPE00120566;1982-03-17;201;53;0;;
SPE00120566;1982-03-18;176;40;0;;
SPE00120566;1982-03-19;210;70;0;;
SPE00120566;1982-03-20;204;80;0;;
SPE00120566;1982-03-21;224;80;0;;
SPE00120566;1982-03-22;222;84;0;;
SPE00120566;1982-03-23;192;52;0;;
SPE00120566;1982-03-24;140;32;10;;
SPE00120566;1982-03-25;150;-2;0;;
SPE00120566;1982-03-26;120;18;6;;
SPE00120566;1982-03-27;170;8;0;;
SPE00120566;1982-03-28;158;38;6;;
SPE00120566;1982-03-29;114;82;65;;
SPE00120566;1982-03-30;152;70;132;;
SPE00120566;1982-03-31;69;23;18;;
SPE00120566;1982-04-01;138;50;4;;
SPE00120566;1982-04-02;161;43;0;;
SPE00120566;1982-04-03;197;37;0;;
SPE00120566;1982-04-04;211;93;12;;
SPE00120566;1982-04-05;184;102;1;;
SPE00120566;1982-04-06;193;65;0;;
SPE00120566;1982-04-07;234;60;0;;
SPE00120566;1982-04-08;260;80;0;;
SPE00120566;1982-04-09;259;85;0;;
SPE00120566;1982-04-10;275;91;0;;
SPE00120566;1982-04-11;218;122;0;;
SPE00120566;1982-04-12;232;86;22;;
SPE00120566;1982-04-13;186;92;13;;
SPE00120566;1982-04-14;194;38;0;;
SPE00120566;1982-04-15;168;0;0;;
SPE00120566;1982-04-16;190;28;1;;
SPE00120566;1982-04-17;124;72;137;;
SPE00120566;1982-04-18;128;82;16;;
SPE00120566;1982-04-19;178;58;9;;
SPE00120566;1982-04-20;199;55;0;;
SPE00120566;1982-04-21;224;70;0;;
SPE00120566;1982-04-22;224;90;0;;
SPE00120566;1982-04-23;226;90;0;;
SPE00120566;1982-04-24;237;87;0;;
SPE00120566;1982-04-25;189;65;0;;
SPE00120566;1982-04-26;164;76;0;;
SPE00120566;1982-04-27;210;28;0;;
SPE00120566;1982-04-28;230;60;0;;
SPE00120566;1982-04-29;236;70;0;;
SPE00120566;1982-04-30;246;50;0;;
SPE00120566;1982-05-01;226;56;0;;
SPE00120566;1982-05-02;264;74;0;;
SPE00120566;1982-05-03;262;102;0;;
SPE00120566;1982-05-04;232;128;0;;
SPE00120566;1982-05-05;202;72;0;;
SPE00120566;1982-05-06;184;64;0;;
SPE00120566;1982-05-07;186;48;0;;
SPE00120566;1982-05-08;206;30;0;;
SPE00120566;1982-05-09;210;54;0;;
SPE00120566;1982-05-10;234;72;0;;
SPE00120566;1982-05-11;240;94;0;;
SPE00120566;1982-05-12;260;108;0;;
SPE00120566;1982-05-13;276;110;0;;
SPE00120566;1982-05-14;287;133;0;;
SPE00120566;1982-05-15;296;142;0;;
SPE00120566;1982-05-16;253;133;30;;
SPE00120566;1982-05-17;263;139;1;;
SPE00120566;1982-05-18;269;151;0;;
SPE00120566;1982-05-19;287;123;0;;
SPE00120566;1982-05-20;304;138;0;;
SPE00120566;1982-05-21;316;138;0;;
SPE00120566;1982-05-22;323;163;0;;
SPE00120566;1982-05-23;310;130;0;;
SPE00120566;1982-05-24;304;128;0;;
SPE00120566;1982-05-25;294;150;180;;
SPE00120566;1982-05-26;233;153;36;;
SPE00120566;1982-05-27;278;144;1;;
SPE00120566;1982-05-28;192;118;267;;
SPE00120566;1982-05-29;230;114;0;;
SPE00120566;1982-05-30;236;134;22;;
SPE00120566;1982-05-31;247;95;2;;
SPE00120566;1982-06-01;252;142;6;;
SPE00120566;1982-06-02;234;132;256;;
SPE00120566;1982-06-03;214;134;133;;
SPE00120566;1982-06-04;250;100;0;;
SPE00120566;1982-06-05;293;129;0;;
SPE00120566;1982-06-06;286;108;0;;
SPE00120566;1982-06-07;320;148;0;;
SPE00120566;1982-06-08;334;186;9;;
SPE00120566;1982-06-09;334;174;2;;
SPE00120566;1982-06-10;340;188;0;;
SPE00120566;1982-06-11;263;175;0;;
SPE00120566;1982-06-12;260;134;0;;
SPE00120566;1982-06-13;286;156;0;;
SPE00120566;1982-06-14;308;162;0;;
SPE00120566;1982-06-15;335;183;0;;
SPE00120566;1982-06-16;320;200;0;;
SPE00120566;1982-06-17;308;176;0;;
SPE00120566;1982-06-18;294;130;0;;
SPE00120566;1982-06-19;330;120;0;;
SPE00120566;1982-06-20;307;167;0;;
SPE00120566;1982-06-21;322;176;0;;
SPE00120566;1982-06-22;281;185;0;;
SPE00120566;1982-06-23;288;156;0;;
SPE00120566;1982-06-24;320;160;0;;
SPE00120566;1982-06-25;263;163;1;;
SPE00120566;1982-06-26;252;142;0;;
SPE00120566;1982-06-27;292;132;0;;
SPE00120566;1982-06-28;344;94;0;;
SPE00120566;1982-06-29;359;175;0;;
SPE00120566;1982-06-30;374;184;0;;
SPE00120566;1982-07-01;396;194;0;;
SPE00120566;1982-07-02;370;220;0;;
SPE00120566;1982-07-03;221;165;279;;
SPE00120566;1982-07-04;323;145;0;;
SPE00120566;1982-07-05;357;195;0;;
SPE00120566;1982-07-06;389;217;0;;
SPE00120566;1982-07-07;396;220;0;;
SPE00120566;1982-07-08;381;217;0;;
SPE00120566;1982-07-09;345;183;0;;
SPE00120566;1982-07-10;387;175;0;;
SPE00120566;1982-07-11;355;225;0;;
SPE00120566;1982-07-12;314;182;0;;
SPE00120566;1982-07-13;293;153;0;;
SPE00120566;1982-07-14;293;153;0;;
SPE00120566;1982-07-15;334;154;0;;
SPE00120566;1982-07-16;334;196;0;;
SPE00120566;1982-07-17;341;177;0;;
SPE00120566;1982-07-18;371;165;0;;
SPE00120566;1982-07-19;326;210;0;;
SPE00120566;1982-07-20;326;160;0;;
SPE00120566;1982-07-21;318;172;0;;
SPE00120566;1982-07-22;327;173;0;;
SPE00120566;1982-07-23;338;178;0;;
SPE00120566;1982-07-24;342;176;0;;
SPE00120566;1982-07-25;361;179;0;;
SPE00120566;1982-07-26;364;188;0;;
SPE00120566;1982-07-27;352;202;0;;
SPE00120566;1982-07-28;314;168;0;;
SPE00120566;1982-07-29;281;175;108;;
SPE00120566;1982-07-30;255;157;0;;
SPE00120566;1982-07-31;328;128;0;;
SPE00120566;1982-08-01;272;196;0;;
SPE00120566;1982-08-02;265;123;0;;
SPE00120566;1982-08-03;313;149;0;;
SPE00120566;1982-08-04;335;155;0;;
SPE00120566;1982-08-05;350;178;0;;
SPE00120566;1982-08-06;330;202;0;;
SPE00120566;1982-08-07;306;172;0;;
SPE00120566;1982-08-08;308;150;0;;
SPE00120566;1982-08-09;320;160;0;;
SPE00120566;1982-08-10;340;166;0;;
SPE00120566;1982-08-11;352;202;0;;
SPE00120566;1982-08-12;384;200;0;;
SPE00120566;1982-08-13;378;220;0;;
SPE00120566;1982-08-14;366;196;0;;
SPE00120566;1982-08-15;344;210;0;;
SPE00120566;1982-08-16;344;200;0;;
SPE00120566;1982-08-17;359;189;0;;
SPE00120566;1982-08-18;375;185;0;;
SPE00120566;1982-08-19;376;212;0;;
SPE00120566;1982-08-20;350;226;0;;
SPE00120566;1982-08-21;348;176;0;;
SPE00120566;1982-08-22;348;208;0;;
SPE00120566;1982-08-23;337;195;0;;
SPE00120566;1982-08-24;327;179;0;;
SPE00120566;1982-08-25;344;198;0;;
SPE00120566;1982-08-26;311;215;28;;
SPE00120566;1982-08-27;256;180;60;;
SPE00120566;1982-08-28;280;148;0;;
SPE00120566;1982-08-29;318;154;0;;
SPE00120566;1982-08-30;336;182;0;;
SPE00120566;1982-08-31;306;164;0;;
SPE00120566;1982-09-01;286;120;0;;
SPE00120566;1982-09-02;312;128;0;;
SPE00120566;1982-09-03;306;144;0;;
SPE00120566;1982-09-04;291;163;0;;
SPE00120566;1982-09-05;323;157;0;;
SPE00120566;1982-09-06;328;172;0;;
SPE00120566;1982-09-07;302;130;0;;
SPE00120566;1982-09-08;329;129;0;;
SPE00120566;1982-09-09;337;169;0;;
SPE00120566;1982-09-10;310;194;10;;
SPE00120566;1982-09-11;284;146;0;;
SPE00120566;1982-09-12;316;150;0;;
SPE00120566;1982-09-13;310;170;0;;
SPE00120566;1982-09-14;298;154;0;;
SPE00120566;1982-09-15;280;170;0;;
SPE00120566;1982-09-16;278;176;0;;
SPE00120566;1982-09-17;290;174;0;;
SPE00120566;1982-09-18;302;172;0;;
SPE00120566;1982-09-19;276;146;5;;
SPE00120566;1982-09-20;261;145;6;;
SPE00120566;1982-09-21;249;135;0;;
SPE00120566;1982-09-22;259;145;0;;
SPE00120566;1982-09-23;248;128;0;;
SPE00120566;1982-09-24;250;118;0;;
SPE00120566;1982-09-25;246;94;150;;
SPE00120566;1982-09-26;180;74;0;;
SPE00120566;1982-09-27;210;60;0;;
SPE00120566;1982-09-28;250;90;0;;
SPE00120566;1982-09-29;204;126;30;;
SPE00120566;1982-09-30;216;98;0;;
SPE00120566;1982-10-01;252;80;0;;
SPE00120566;1982-10-02;262;88;0;;
SPE00120566;1982-10-03;260;110;0;;
SPE00120566;1982-10-04;254;126;0;;
SPE00120566;1982-10-05;242;154;0;;
SPE00120566;1982-10-06;204;98;0;;
SPE00120566;1982-10-07;202;66;0;;
SPE00120566;1982-10-08;202;70;0;;
SPE00120566;1982-10-09;215;103;4;;
SPE00120566;1982-10-10;211;109;0;;
SPE00120566;1982-10-11;234;70;0;;
SPE00120566;1982-10-12;242;120;0;;
SPE00120566;1982-10-13;234;160;25;;
SPE00120566;1982-10-14;194;74;0;;
SPE00120566;1982-10-15;194;68;0;;
SPE00120566;1982-10-16;197;63;0;;
SPE00120566;1982-10-17;200;118;26;;
SPE00120566;1982-10-18;152;84;152;;
SPE00120566;1982-10-19;152;72;60;;
SPE00120566;1982-10-20;160;110;121;;
SPE00120566;1982-10-21;186;120;18;;
SPE00120566;1982-10-22;154;84;69;;
SPE00120566;1982-10-23;156;66;0;;
SPE00120566;1982-10-24;170;54;0;;
SPE00120566;1982-10-25;195;49;0;;
SPE00120566;1982-10-26;208;58;0;;
SPE00120566;1982-10-27;217;73;0;;
SPE00120566;1982-10-28;204;100;0;;
SPE00120566;1982-10-29;196;70;0;;
SPE00120566;1982-10-30;206;56;0;;
SPE00120566;1982-10-31;210;86;0;;
SPE00120566;1982-11-01;212;96;0;;
SPE00120566;1982-11-02;206;94;0;;
SPE00120566;1982-11-03;180;112;0;;
SPE00120566;1982-11-04;210;92;0;;
SPE00120566;1982-11-05;190;64;0;;
SPE00120566;1982-11-06;165;109;187;;
SPE00120566;1982-11-07;150;102;89;;
SPE00120566;1982-11-08;168;102;34;;
SPE00120566;1982-11-09;154;70;0;;
SPE00120566;1982-11-10;156;50;0;;
SPE00120566;1982-11-11;146;34;0;;
SPE00120566;1982-11-12;151;27;0;;
SPE00120566;1982-11-13;158;106;151;;
SPE00120566;1982-11-14;138;72;0;;
SPE00120566;1982-11-15;132;38;0;;
SPE00120566;1982-11-16;126;42;0;;
SPE00120566;1982-11-17;171;37;0;;
SPE00120566;1982-11-18;157;-3;0;;
SPE00120566;1982-11-19;157;7;0;;
SPE00120566;1982-11-20;140;26;0;;
SPE00120566;1982-11-21;130;0;0;;
SPE00120566;1982-11-22;146;10;0;;
SPE00120566;1982-11-23;154;36;0;;
SPE00120566;1982-11-24;144;54;0;;
SPE00120566;1982-11-25;164;86;26;;
SPE00120566;1982-11-26;96;42;0;;
SPE00120566;1982-11-27;59;3;40;;
SPE00120566;1982-11-28;126;40;0;;
SPE00120566;1982-11-29;112;12;0;;
SPE00120566;1982-11-30;90;-24;0;;
SPE00120566;1982-12-01;98;-20;0;;
SPE00120566;1982-12-02;104;-14;0;;
SPE00120566;1982-12-03;110;22;0;;
SPE00120566;1982-12-04;114;-8;0;;
SPE00120566;1982-12-05;128;0;0;;
SPE00120566;1982-12-06;132;60;5;;
SPE00120566;1982-12-07;112;68;4;;
SPE00120566;1982-12-08;125;83;10;;
SPE00120566;1982-12-09;132;88;0;;
SPE00120566;1982-12-10;170;80;0;;
SPE00120566;1982-12-11;122;58;0;;
SPE00120566;1982-12-12;141;75;4;;
SPE00120566;1982-12-13;102;72;0;;
SPE00120566;1982-12-14;115;15;0;;
SPE00120566;1982-12-15;122;12;0;;
SPE00120566;1982-12-16;141;3;0;;
SPE00120566;1982-12-17;125;27;17;;
SPE00120566;1982-12-18;109;25;0;;
SPE00120566;1982-12-19;101;-15;0;;
SPE00120566;1982-12-20;112;14;56;;
SPE00120566;1982-12-21;94;40;0;;
SPE00120566;1982-12-22;74;-6;0;;
SPE00120566;1982-12-23;94;4;0;;
SPE00120566;1982-12-24;122;12;0;;
SPE00120566;1982-12-25;140;8;0;;
SPE00120566;1982-12-26;138;-2;0;;
SPE00120566;1982-12-27;139;-1;0;;
SPE00120566;1982-12-28;129;-15;0;;
SPE00120566;1982-12-29;108;-32;0;;
SPE00120566;1982-12-30;100;-30;0;;
SPE00120566;1982-12-31;99;-25;0;;
SPE00120566;1983-01-01;62;-28;0;;
SPE00120566;1983-01-02;56;-44;0;;
SPE00120566;1983-01-03;103;-63;0;;
SPE00120566;1983-01-04;111;-45;0;;
SPE00120566;1983-01-05;111;-41;0;;
SPE00120566;1983-01-06;121;-25;0;;
SPE00120566;1983-01-07;92;42;0;;
SPE00120566;1983-01-08;114;44;0;;
SPE00120566;1983-01-09;95;-33;0;;
SPE00120566;1983-01-10;100;-32;0;;
SPE00120566;1983-01-11;80;-30;0;;
SPE00120566;1983-01-12;86;-10;0;;
SPE00120566;1983-01-13;102;-40;0;;
SPE00120566;1983-01-14;120;4;0;;
SPE00120566;1983-01-15;140;-22;0;;
SPE00120566;1983-01-16;144;-4;0;;
SPE00120566;1983-01-17;150;6;0;;
SPE00120566;1983-01-18;129;-21;0;;
SPE00120566;1983-01-19;150;44;0;;
SPE00120566;1983-01-20;121;1;0;;
SPE00120566;1983-01-21;110;-42;0;;
SPE00120566;1983-01-22;116;-34;0;;
SPE00120566;1983-01-23;116;-40;0;;
SPE00120566;1983-01-24;143;-35;0;;
SPE00120566;1983-01-25;156;-24;0;;
SPE00120566;1983-01-26;170;-18;0;;
SPE00120566;1983-01-27;178;-20;0;;
SPE00120566;1983-01-28;180;-20;0;;
SPE00120566;1983-01-29;190;-8;0;;
SPE00120566;1983-01-30;196;-2;0;;
SPE00120566;1983-01-31;174;18;0;;
SPE00120566;1983-02-01;172;-16;0;;
SPE00120566;1983-02-02;140;6;0;;
SPE00120566;1983-02-03;118;-28;0;;
SPE00120566;1983-02-04;160;-32;0;;
SPE00120566;1983-02-05;170;0;0;;
SPE00120566;1983-02-06;140;16;0;;
SPE00120566;1983-02-07;104;18;0;;
SPE00120566;1983-02-08;75;-15;0;;
SPE00120566;1983-02-09;66;-50;0;;
SPE00120566;1983-02-10;56;-42;0;;
SPE00120566;1983-02-11;60;-50;0;;
SPE00120566;1983-02-12;41;-33;0;;
SPE00120566;1983-02-13;34;-64;0;;
SPE00120566;1983-02-14;36;-90;0;;
SPE00120566;1983-02-15;81;-85;0;;
SPE00120566;1983-02-16;90;-40;0;;
SPE00120566;1983-02-17;105;-45;0;;
SPE00120566;1983-02-18;114;40;4;;
SPE00120566;1983-02-19;154;40;0;;
SPE00120566;1983-02-20;150;20;7;;
SPE00120566;1983-02-21;140;56;20;;
SPE00120566;1983-02-22;166;56;0;;
SPE00120566;1983-02-23;194;86;0;;
SPE00120566;1983-02-24;169;53;3;;
SPE00120566;1983-02-25;174;112;30;;
SPE00120566;1983-02-26;155;73;0;;
SPE00120566;1983-02-27;160;36;0;;
SPE00120566;1983-02-28;176;20;0;;
SPE00120566;1983-03-01;204;40;0;;
SPE00120566;1983-03-02;210;30;0;;
SPE00120566;1983-03-03;214;12;0;;
SPE00120566;1983-03-04;181;71;0;;
SPE00120566;1983-03-05;199;37;0;;
SPE00120566;1983-03-06;170;28;0;;
SPE00120566;1983-03-07;184;34;0;;
SPE00120566;1983-03-08;194;24;0;;
SPE00120566;1983-03-09;220;24;0;;
SPE00120566;1983-03-10;220;64;0;;
SPE00120566;1983-03-11;221;49;0;;
SPE00120566;1983-03-12;240;34;0;;
SPE00120566;1983-03-13;215;73;0;;
SPE00120566;1983-03-14;202;100;0;;
SPE00120566;1983-03-15;150;68;0;;
SPE00120566;1983-03-16;172;34;0;;
SPE00120566;1983-03-17;214;44;0;;
SPE00120566;1983-03-18;220;50;0;;
SPE00120566;1983-03-19;244;36;0;;
SPE00120566;1983-03-20;230;72;0;;
SPE00120566;1983-03-21;231;83;0;;
SPE00120566;1983-03-22;248;92;0;;
SPE00120566;1983-03-23;182;106;0;;
SPE00120566;1983-03-24;170;72;3;;
SPE00120566;1983-03-25;133;25;0;;
SPE00120566;1983-03-26;185;53;0;;
SPE00120566;1983-03-27;177;45;47;;
SPE00120566;1983-03-28;150;14;0;;
SPE00120566;1983-03-29;164;16;0;;
SPE00120566;1983-03-30;180;0;0;;
SPE00120566;1983-03-31;190;60;0;;
SPE00120566;1983-04-01;156;74;1;;
SPE00120566;1983-04-02;155;15;0;;
SPE00120566;1983-04-03;148;0;0;;
SPE00120566;1983-04-04;180;32;0;;
SPE00120566;1983-04-05;194;50;0;;
SPE00120566;1983-04-06;186;46;0;;
SPE00120566;1983-04-07;174;64;0;;
SPE00120566;1983-04-08;222;80;0;;
SPE00120566;1983-04-09;258;78;0;;
SPE00120566;1983-04-10;284;72;0;;
SPE00120566;1983-04-11;213;97;0;;
SPE00120566;1983-04-12;182;26;0;;
SPE00120566;1983-04-13;208;22;0;;
SPE00120566;1983-04-14;224;68;0;;
SPE00120566;1983-04-15;243;87;0;;
SPE00120566;1983-04-16;228;112;0;;
SPE00120566;1983-04-17;200;98;115;;
SPE00120566;1983-04-18;152;90;10;;
SPE00120566;1983-04-19;170;36;5;;
SPE00120566;1983-04-20;150;50;193;;
SPE00120566;1983-04-21;148;38;3;;
SPE00120566;1983-04-22;154;72;101;;
SPE00120566;1983-04-23;126;44;43;;
SPE00120566;1983-04-24;140;76;95;;
SPE00120566;1983-04-25;140;64;1;;
SPE00120566;1983-04-26;152;46;1;;
SPE00120566;1983-04-27;158;72;0;;
SPE00120566;1983-04-28;174;60;0;;
SPE00120566;1983-04-29;199;59;1;;
SPE00120566;1983-04-30;170;100;38;;
SPE00120566;1983-05-01;168;84;0;;
SPE00120566;1983-05-02;177;69;0;;
SPE00120566;1983-05-03;217;67;0;;
SPE00120566;1983-05-04;245;83;0;;
SPE00120566;1983-05-05;236;102;0;;
SPE00120566;1983-05-06;245;115;0;;
SPE00120566;1983-05-07;255;119;0;;
SPE00120566;1983-05-08;224;116;0;;
SPE00120566;1983-05-09;244;98;0;;
SPE00120566;1983-05-10;224;118;0;;
SPE00120566;1983-05-11;169;95;0;;
SPE00120566;1983-05-12;198;118;4;;
SPE00120566;1983-05-13;195;89;4;;
SPE00120566;1983-05-14;186;88;22;;
SPE00120566;1983-05-15;162;50;1;;
SPE00120566;1983-05-16;144;78;23;;
SPE00120566;1983-05-17;164;84;17;;
SPE00120566;1983-05-18;190;62;0;;
SPE00120566;1983-05-19;224;68;0;;
SPE00120566;1983-05-20;166;74;2;;
SPE00120566;1983-05-21;152;54;38;;
SPE00120566;1983-05-22;194;48;0;;
SPE00120566;1983-05-23;214;68;0;;
SPE00120566;1983-05-24;214;70;0;;
SPE00120566;1983-05-25;245;75;0;;
SPE00120566;1983-05-26;264;80;0;;
SPE00120566;1983-05-27;268;100;0;;
SPE00120566;1983-05-28;264;116;0;;
SPE00120566;1983-05-29;281;119;0;;
SPE00120566;1983-05-30;268;132;0;;
SPE00120566;1983-05-31;259;139;14;;
SPE00120566;1983-06-01;221;117;0;;
SPE00120566;1983-06-02;289;87;0;;
SPE00120566;1983-06-03;331;85;0;;
SPE00120566;1983-06-04;372;178;0;;
SPE00120566;1983-06-05;308;170;0;;
SPE00120566;1983-06-06;306;186;0;;
SPE00120566;1983-06-07;314;166;0;;
SPE00120566;1983-06-08;330;168;0;;
SPE00120566;1983-06-09;368;172;0;;
SPE00120566;1983-06-10;388;210;0;;
SPE00120566;1983-06-11;370;204;0;;
SPE00120566;1983-06-12;348;208;0;;
SPE00120566;1983-06-13;330;174;0;;
SPE00120566;1983-06-14;348;164;0;;
SPE00120566;1983-06-15;356;150;0;;
SPE00120566;1983-06-16;362;170;0;;
SPE00120566;1983-06-17;350;214;0;;
SPE00120566;1983-06-18;312;148;0;;
SPE00120566;1983-06-19;268;130;0;;
SPE00120566;1983-06-20;284;120;0;;
SPE00120566;1983-06-21;306;180;0;;
SPE00120566;1983-06-22;291;175;0;;
SPE00120566;1983-06-23;266;150;132;;
SPE00120566;1983-06-24;286;148;0;;
SPE00120566;1983-06-25;280;140;0;;
SPE00120566;1983-06-26;302;130;0;;
SPE00120566;1983-06-27;300;152;0;;
SPE00120566;1983-06-28;305;155;0;;
SPE00120566;1983-06-29;332;164;0;;
SPE00120566;1983-06-30;336;182;0;;
SPE00120566;1983-07-01;350;192;0;;
SPE00120566;1983-07-02;354;184;0;;
SPE00120566;1983-07-03;282;188;0;;
SPE00120566;1983-07-04;318;140;0;;
SPE00120566;1983-07-05;326;180;0;;
SPE00120566;1983-07-06;330;176;0;;
SPE00120566;1983-07-07;316;186;0;;
SPE00120566;1983-07-08;324;162;0;;
SPE00120566;1983-07-09;368;162;0;;
SPE00120566;1983-07-10;355;195;0;;
SPE00120566;1983-07-11;362;198;0;;
SPE00120566;1983-07-12;370;196;0;;
SPE00120566;1983-07-13;374;206;0;;
SPE00120566;1983-07-14;361;221;0;;
SPE00120566;1983-07-15;348;208;0;;
SPE00120566;1983-07-16;313;191;0;;
SPE00120566;1983-07-17;318;182;0;;
SPE00120566;1983-07-18;329;165;0;;
SPE00120566;1983-07-19;332;174;0;;
SPE00120566;1983-07-20;352;178;0;;
SPE00120566;1983-07-21;344;192;0;;
SPE00120566;1983-07-22;326;166;0;;
SPE00120566;1983-07-23;340;170;0;;
SPE00120566;1983-07-24;354;170;0;;
SPE00120566;1983-07-25;326;190;0;;
SPE00120566;1983-07-26;310;178;0;;
SPE00120566;1983-07-27;296;160;0;;
SPE00120566;1983-07-28;342;164;0;;
SPE00120566;1983-07-29;366;194;0;;
SPE00120566;1983-07-30;372;212;0;;
SPE00120566;1983-07-31;294;190;0;;
SPE00120566;1983-08-01;330;194;0;;
SPE00120566;1983-08-02;350;180;0;;
SPE00120566;1983-08-03;351;197;0;;
SPE00120566;1983-08-04;351;215;0;;
SPE00120566;1983-08-05;345;203;0;;
SPE00120566;1983-08-06;346;202;7;;
SPE00120566;1983-08-07;292;200;96;;
SPE00120566;1983-08-08;284;172;0;;
SPE00120566;1983-08-09;278;166;0;;
SPE00120566;1983-08-10;284;172;0;;
SPE00120566;1983-08-11;282;162;0;;
SPE00120566;1983-08-12;299;169;0;;
SPE00120566;1983-08-13;312;172;0;;
SPE00120566;1983-08-14;307;171;0;;
SPE00120566;1983-08-15;314;180;0;;
SPE00120566;1983-08-16;267;183;0;;
SPE00120566;1983-08-17;313;133;0;;
SPE00120566;1983-08-18;322;176;0;;
SPE00120566;1983-08-19;290;166;0;;
SPE00120566;1983-08-20;305;173;0;;
SPE00120566;1983-08-21;320;176;0;;
SPE00120566;1983-08-22;291;167;149;;
SPE00120566;1983-08-23;259;165;0;;
SPE00120566;1983-08-24;283;143;0;;
SPE00120566;1983-08-25;300;172;0;;
SPE00120566;1983-08-26;298;166;0;;
SPE00120566;1983-08-27;298;162;0;;
SPE00120566;1983-08-28;299;161;0;;
SPE00120566;1983-08-29;324;184;0;;
SPE00120566;1983-08-30;321;189;0;;
SPE00120566;1983-08-31;330;166;256;;
SPE00120566;1983-09-01;256;160;3;;
SPE00120566;1983-09-02;281;165;0;;
SPE00120566;1983-09-03;293;167;0;;
SPE00120566;1983-09-04;313;159;0;;
SPE00120566;1983-09-05;336;164;0;;
SPE00120566;1983-09-06;348;188;0;;
SPE00120566;1983-09-07;360;190;0;;
SPE00120566;1983-09-08;365;203;0;;
SPE00120566;1983-09-09;347;203;0;;
SPE00120566;1983-09-10;274;156;0;;
SPE00120566;1983-09-11;290;120;0;;
SPE00120566;1983-09-12;285;123;0;;
SPE00120566;1983-09-13;310;120;0;;
SPE00120566;1983-09-14;320;136;0;;
SPE00120566;1983-09-15;304;156;0;;
SPE00120566;1983-09-16;270;154;0;;
SPE00120566;1983-09-17;289;153;0;;
SPE00120566;1983-09-18;323;119;0;;
SPE00120566;1983-09-19;324;170;0;;
SPE00120566;1983-09-20;324;172;0;;
SPE00120566;1983-09-21;338;150;0;;
SPE00120566;1983-09-22;363;153;0;;
SPE00120566;1983-09-23;348;190;0;;
SPE00120566;1983-09-24;351;185;0;;
SPE00120566;1983-09-25;352;184;0;;
SPE00120566;1983-09-26;360;194;0;;
SPE00120566;1983-09-27;316;176;0;;
SPE00120566;1983-09-28;289;159;0;;
SPE00120566;1983-09-29;280;150;19;;
SPE00120566;1983-09-30;243;145;20;;
SPE00120566;1983-10-01;272;116;0;;
SPE00120566;1983-10-02;294;120;0;;
SPE00120566;1983-10-03;290;132;0;;
SPE00120566;1983-10-04;271;143;0;;
SPE00120566;1983-10-05;282;154;0;;
SPE00120566;1983-10-06;298;126;0;;
SPE00120566;1983-10-07;287;155;0;;
SPE00120566;1983-10-08;267;105;0;;
SPE00120566;1983-10-09;285;95;0;;
SPE00120566;1983-10-10;270;130;0;;
SPE00120566;1983-10-11;272;124;0;;
SPE00120566;1983-10-12;284;80;0;;
SPE00120566;1983-10-13;273;133;10;;
SPE00120566;1983-10-14;220;120;0;;
SPE00120566;1983-10-15;221;89;0;;
SPE00120566;1983-10-16;196;136;0;;
SPE00120566;1983-10-17;211;113;0;;
SPE00120566;1983-10-18;226;58;0;;
SPE00120566;1983-10-19;264;64;0;;
SPE00120566;1983-10-20;276;74;0;;
SPE00120566;1983-10-21;270;72;0;;
SPE00120566;1983-10-22;267;77;0;;
SPE00120566;1983-10-23;261;145;8;;
SPE00120566;1983-10-24;201;117;0;;
SPE00120566;1983-10-25;200;68;0;;
SPE00120566;1983-10-26;212;70;0;;
SPE00120566;1983-10-27;221;95;14;;
SPE00120566;1983-10-28;188;86;50;;
SPE00120566;1983-10-29;155;77;20;;
SPE00120566;1983-10-30;127;37;0;;
SPE00120566;1983-10-31;170;0;0;;
SPE00120566;1983-11-01;193;13;0;;
SPE00120566;1983-11-02;205;13;35;;
SPE00120566;1983-11-03;142;92;40;;
SPE00120566;1983-11-04;150;110;20;;
SPE00120566;1983-11-05;168;114;77;;
SPE00120566;1983-11-06;174;126;0;;
SPE00120566;1983-11-07;190;100;0;;
SPE00120566;1983-11-08;187;127;0;;
SPE00120566;1983-11-09;157;107;71;;
SPE00120566;1983-11-10;163;97;0;;
SPE00120566;1983-11-11;170;80;4;;
SPE00120566;1983-11-12;181;107;0;;
SPE00120566;1983-11-13;179;75;7;;
SPE00120566;1983-11-14;172;112;42;;
SPE00120566;1983-11-15;135;89;70;;
SPE00120566;1983-11-16;177;113;56;;
SPE00120566;1983-11-17;135;103;17;;
SPE00120566;1983-11-18;144;94;1;;
SPE00120566;1983-11-19;134;84;29;;
SPE00120566;1983-11-20;170;106;75;;
SPE00120566;1983-11-21;190;106;0;;
SPE00120566;1983-11-22;190;116;71;;
SPE00120566;1983-11-23;153;109;0;;
SPE00120566;1983-11-24;175;99;0;;
SPE00120566;1983-11-25;182;96;0;;
SPE00120566;1983-11-26;156;86;0;;
SPE00120566;1983-11-27;177;107;0;;
SPE00120566;1983-11-28;165;87;0;;
SPE00120566;1983-11-29;176;40;0;;
SPE00120566;1983-11-30;170;38;0;;
SPE00120566;1983-12-01;173;27;0;;
SPE00120566;1983-12-02;98;70;0;;
SPE00120566;1983-12-03;118;28;0;;
SPE00120566;1983-12-04;51;9;0;;
SPE00120566;1983-12-05;57;23;0;;
SPE00120566;1983-12-06;92;-4;0;;
SPE00120566;1983-12-07;36;-16;0;;
SPE00120566;1983-12-08;60;-18;0;;
SPE00120566;1983-12-09;43;-34;10;;
SPE00120566;1983-12-10;124;30;0;;
SPE00120566;1983-12-11;104;0;0;;
SPE00120566;1983-12-12;128;20;0;;
SPE00120566;1983-12-13;116;4;0;;
SPE00120566;1983-12-14;94;-32;12;;
SPE00120566;1983-12-15;110;20;46;;
SPE00120566;1983-12-16;87;49;3;;
SPE00120566;1983-12-17;99;37;33;;
SPE00120566;1983-12-18;141;59;256;;
SPE00120566;1983-12-19;110;50;3;;
SPE00120566;1983-12-20;131;81;234;;
SPE00120566;1983-12-21;103;61;0;;
SPE00120566;1983-12-22;137;73;0;;
SPE00120566;1983-12-23;146;42;0;;
SPE00120566;1983-12-24;70;14;2;;
SPE00120566;1983-12-25;124;-6;0;;
SPE00120566;1983-12-26;150;18;0;;
SPE00120566;1983-12-27;148;20;0;;
SPE00120566;1983-12-28;150;22;0;;
SPE00120566;1983-12-29;151;27;0;;
SPE00120566;1983-12-30;134;2;0;;
SPE00120566;1983-12-31;104;8;0;;
SPE00120566;1984-01-01;60;10;2;;
SPE00120566;1984-01-02;54;42;0;;
SPE00120566;1984-01-03;80;42;13;;
SPE00120566;1984-01-04;98;24;0;;
SPE00120566;1984-01-05;100;-10;0;;
SPE00120566;1984-01-06;124;2;0;;
SPE00120566;1984-01-07;124;76;26;;
SPE00120566;1984-01-08;104;52;132;;
SPE00120566;1984-01-09;82;8;0;;
SPE00120566;1984-01-10;78;-30;0;;
SPE00120566;1984-01-11;88;-24;0;;
SPE00120566;1984-01-12;118;6;0;;
SPE00120566;1984-01-13;120;10;0;;
SPE00120566;1984-01-14;103;-5;0;;
SPE00120566;1984-01-15;128;26;0;;
SPE00120566;1984-01-16;115;-9;0;;
SPE00120566;1984-01-17;141;-23;0;;
SPE00120566;1984-01-18;124;-8;0;;
SPE00120566;1984-01-19;147;73;0;;
SPE00120566;1984-01-20;136;60;19;;
SPE00120566;1984-01-21;126;78;32;;
SPE00120566;1984-01-22;160;80;0;;
SPE00120566;1984-01-23;141;95;0;;
SPE00120566;1984-01-24;142;70;0;;
SPE00120566;1984-01-25;124;0;0;;
SPE00120566;1984-01-26;97;19;11;;
SPE00120566;1984-01-27;95;3;42;;
SPE00120566;1984-01-28;94;-24;0;;
SPE00120566;1984-01-29;91;-3;14;;
SPE00120566;1984-01-30;70;24;23;;
SPE00120566;1984-01-31;134;44;0;;
SPE00120566;1984-02-01;144;44;41;;
SPE00120566;1984-02-02;104;38;0;;
SPE00120566;1984-02-03;114;26;0;;
SPE00120566;1984-02-04;149;3;0;;
SPE00120566;1984-02-05;104;2;0;;
SPE00120566;1984-02-06;149;13;0;;
SPE00120566;1984-02-07;171;9;0;;
SPE00120566;1984-02-08;189;73;0;;
SPE00120566;1984-02-09;161;51;0;;
SPE00120566;1984-02-10;150;-4;0;;
SPE00120566;1984-02-11;165;-23;0;;
SPE00120566;1984-02-12;152;-28;0;;
SPE00120566;1984-02-13;117;-35;0;;
SPE00120566;1984-02-14;102;-34;0;;
SPE00120566;1984-02-15;120;-42;0;;
SPE00120566;1984-02-16;145;-49;0;;
SPE00120566;1984-02-17;154;-44;0;;
SPE00120566;1984-02-18;117;-25;10;;
SPE00120566;1984-02-19;145;53;0;;
SPE00120566;1984-02-20;143;21;0;;
SPE00120566;1984-02-21;140;62;0;;
SPE00120566;1984-02-22;120;0;0;;
SPE00120566;1984-02-23;120;40;22;;
SPE00120566;1984-02-24;96;6;0;;
SPE00120566;1984-02-25;78;-20;0;;
SPE00120566;1984-02-26;84;-42;0;;
SPE00120566;1984-02-27;61;-5;209;;
SPE00120566;1984-02-28;61;27;3;;
SPE00120566;1984-02-29;83;5;8;;
SPE00120566;1984-03-01;96;0;0;;
SPE00120566;1984-03-02;124;-16;0;;
SPE00120566;1984-03-03;146;-18;0;;
SPE00120566;1984-03-04;138;-8;0;;
SPE00120566;1984-03-05;140;-42;0;;
SPE00120566;1984-03-06;175;-15;0;;
SPE00120566;1984-03-07;180;-10;0;;
SPE00120566;1984-03-08;204;-8;0;;
SPE00120566;1984-03-09;145;-5;0;;
SPE00120566;1984-03-10;121;-45;0;;
SPE00120566;1984-03-11;113;-49;0;;
SPE00120566;1984-03-12;137;-39;0;;
SPE00120566;1984-03-13;118;10;11;;
SPE00120566;1984-03-14;82;-2;30;;
SPE00120566;1984-03-15;48;4;120;;
SPE00120566;1984-03-16;75;5;44;;
SPE00120566;1984-03-17;112;10;6;;
SPE00120566;1984-03-18;138;0;0;;
SPE00120566;1984-03-19;122;20;61;;
SPE00120566;1984-03-20;112;68;78;;
SPE00120566;1984-03-21;140;72;3;;
SPE00120566;1984-03-22;118;56;241;;
SPE00120566;1984-03-23;144;38;2;;
SPE00120566;1984-03-24;172;88;8;;
SPE00120566;1984-03-25;129;61;13;;
SPE00120566;1984-03-26;134;32;0;;
SPE00120566;1984-03-27;154;56;1;;
SPE00120566;1984-03-28;159;71;45;;
SPE00120566;1984-03-29;138;52;6;;
SPE00120566;1984-03-30;201;95;0;;
SPE00120566;1984-03-31;180;92;69;;
SPE00120566;1984-04-01;166;72;0;;
SPE00120566;1984-04-02;208;86;0;;
SPE00120566;1984-04-03;208;124;4;;
SPE00120566;1984-04-04;182;90;0;;
SPE00120566;1984-04-05;181;53;0;;
SPE00120566;1984-04-06;202;66;0;;
SPE00120566;1984-04-07;214;54;0;;
SPE00120566;1984-04-08;240;78;0;;
SPE00120566;1984-04-09;260;94;0;;
SPE00120566;1984-04-10;220;116;0;;
SPE00120566;1984-04-11;236;102;0;;
SPE00120566;1984-04-12;214;90;7;;
SPE00120566;1984-04-13;219;75;273;;
SPE00120566;1984-04-14;109;83;56;;
SPE00120566;1984-04-15;157;77;7;;
SPE00120566;1984-04-16;195;93;0;;
SPE00120566;1984-04-17;199;43;0;;
SPE00120566;1984-04-18;230;44;0;;
SPE00120566;1984-04-19;245;61;0;;
SPE00120566;1984-04-20;258;70;0;;
SPE00120566;1984-04-21;234;92;0;;
SPE00120566;1984-04-22;255;73;0;;
SPE00120566;1984-04-23;230;112;4;;
SPE00120566;1984-04-24;211;123;20;;
SPE00120566;1984-04-25;246;102;0;;
SPE00120566;1984-04-26;245;117;0;;
SPE00120566;1984-04-27;254;94;94;;
SPE00120566;1984-04-28;226;112;95;;
SPE00120566;1984-04-29;150;104;185;;
SPE00120566;1984-04-30;157;89;0;;
SPE00120566;1984-05-01;173;73;32;;
SPE00120566;1984-05-02;141;59;15;;
SPE00120566;1984-05-03;169;75;7;;
SPE00120566;1984-05-04;188;60;0;;
SPE00120566;1984-05-05;174;98;20;;
SPE00120566;1984-05-06;190;102;26;;
SPE00120566;1984-05-07;217;69;0;;
SPE00120566;1984-05-08;180;114;6;;
SPE00120566;1984-05-09;164;90;0;;
SPE00120566;1984-05-10;196;24;0;;
SPE00120566;1984-05-11;192;40;0;;
SPE00120566;1984-05-12;184;44;0;;
SPE00120566;1984-05-13;140;68;72;;
SPE00120566;1984-05-14;114;62;69;;
SPE00120566;1984-05-15;152;64;1;;
SPE00120566;1984-05-16;136;78;8;;
SPE00120566;1984-05-17;130;68;51;;
SPE00120566;1984-05-18;133;65;22;;
SPE00120566;1984-05-19;163;45;4;;
SPE00120566;1984-05-20;159;81;16;;
SPE00120566;1984-05-21;154;60;36;;
SPE00120566;1984-05-22;148;54;0;;
SPE00120566;1984-05-23;159;55;3;;
SPE00120566;1984-05-24;182;90;12;;
SPE00120566;1984-05-25;200;82;0;;
SPE00120566;1984-05-26;154;100;0;;
SPE00120566;1984-05-27;208;84;0;;
SPE00120566;1984-05-28;223;83;1;;
SPE00120566;1984-05-29;191;113;38;;
SPE00120566;1984-05-30;216;84;0;;
SPE00120566;1984-05-31;235;93;0;;
SPE00120566;1984-06-01;192;102;0;;
SPE00120566;1984-06-02;182;70;7;;
SPE00120566;1984-06-03;129;43;16;;
SPE00120566;1984-06-04;184;96;34;;
SPE00120566;1984-06-05;201;67;0;;
SPE00120566;1984-06-06;184;78;0;;
SPE00120566;1984-06-07;221;75;0;;
SPE00120566;1984-06-08;243;95;0;;
SPE00120566;1984-06-09;272;102;0;;
SPE00120566;1984-06-10;290;112;0;;
SPE00120566;1984-06-11;303;135;0;;
SPE00120566;1984-06-12;297;149;0;;
SPE00120566;1984-06-13;298;152;0;;
SPE00120566;1984-06-14;311;117;0;;
SPE00120566;1984-06-15;336;116;0;;
SPE00120566;1984-06-16;316;138;0;;
SPE00120566;1984-06-17;313;163;180;;
SPE00120566;1984-06-18;234;160;24;;
SPE00120566;1984-06-19;285;155;400;;
SPE00120566;1984-06-20;300;158;2;;
SPE00120566;1984-06-21;272;142;0;;
SPE00120566;1984-06-22;304;154;0;;
SPE00120566;1984-06-23;324;156;0;;
SPE00120566;1984-06-24;340;162;0;;
SPE00120566;1984-06-25;330;164;5;;
SPE00120566;1984-06-26;332;180;0;;
SPE00120566;1984-06-27;315;185;0;;
SPE00120566;1984-06-28;302;172;0;;
SPE00120566;1984-06-29;303;167;0;;
SPE00120566;1984-06-30;322;162;0;;
SPE00120566;1984-07-01;273;155;0;;
SPE00120566;1984-07-02;323;145;0;;
SPE00120566;1984-07-03;341;143;0;;
SPE00120566;1984-07-04;342;164;0;;
SPE00120566;1984-07-05;350;186;0;;
SPE00120566;1984-07-06;360;184;0;;
SPE00120566;1984-07-07;358;188;0;;
SPE00120566;1984-07-08;363;185;0;;
SPE00120566;1984-07-09;348;190;0;;
SPE00120566;1984-07-10;356;170;0;;
SPE00120566;1984-07-11;267;175;0;;
SPE00120566;1984-07-12;314;146;0;;
SPE00120566;1984-07-13;349;153;0;;
SPE00120566;1984-07-14;360;202;0;;
SPE00120566;1984-07-15;362;188;0;;
SPE00120566;1984-07-16;356;180;0;;
SPE00120566;1984-07-17;346;190;0;;
SPE00120566;1984-07-18;342;188;0;;
SPE00120566;1984-07-19;367;203;0;;
SPE00120566;1984-07-20;351;207;0;;
SPE00120566;1984-07-21;380;170;0;;
SPE00120566;1984-07-22;379;175;0;;
SPE00120566;1984-07-23;400;234;0;;
SPE00120566;1984-07-24;362;216;0;;
SPE00120566;1984-07-25;340;186;0;;
SPE00120566;1984-07-26;352;162;0;;
SPE00120566;1984-07-27;354;192;0;;
SPE00120566;1984-07-28;374;206;0;;
SPE00120566;1984-07-29;382;190;0;;
SPE00120566;1984-07-30;363;203;28;;
SPE00120566;1984-07-31;281;155;1;;
SPE00120566;1984-08-01;332;142;0;;
SPE00120566;1984-08-02;366;150;0;;
SPE00120566;1984-08-03;341;221;0;;
SPE00120566;1984-08-04;303;175;0;;
SPE00120566;1984-08-05;320;164;0;;
SPE00120566;1984-08-06;333;165;0;;
SPE00120566;1984-08-07;350;180;0;;
SPE00120566;1984-08-08;314;168;0;;
SPE00120566;1984-08-09;270;122;0;;
SPE00120566;1984-08-10;280;130;0;;
SPE00120566;1984-08-11;311;143;0;;
SPE00120566;1984-08-12;322;162;0;;
SPE00120566;1984-08-13;328;190;0;;
SPE00120566;1984-08-14;326;188;0;;
SPE00120566;1984-08-15;332;150;0;;
SPE00120566;1984-08-16;314;174;0;;
SPE00120566;1984-08-17;330;178;0;;
SPE00120566;1984-08-18;340;180;0;;
SPE00120566;1984-08-19;340;188;0;;
SPE00120566;1984-08-20;351;185;0;;
SPE00120566;1984-08-21;285;173;0;;
SPE00120566;1984-08-22;265;155;36;;
SPE00120566;1984-08-23;244;136;0;;
SPE00120566;1984-08-24;282;142;0;;
SPE00120566;1984-08-25;318;168;0;;
SPE00120566;1984-08-26;328;156;0;;
SPE00120566;1984-08-27;321;175;0;;
SPE00120566;1984-08-28;298;152;0;;
SPE00120566;1984-08-29;312;160;0;;
SPE00120566;1984-08-30;327;169;0;;
SPE00120566;1984-08-31;350;180;0;;
SPE00120566;1984-09-01;381;173;0;;
SPE00120566;1984-09-02;359;195;0;;
SPE00120566;1984-09-03;340;178;0;;
SPE00120566;1984-09-04;343;173;0;;
SPE00120566;1984-09-05;300;166;0;;
SPE00120566;1984-09-06;254;120;6;;
SPE00120566;1984-09-07;245;123;21;;
SPE00120566;1984-09-08;300;136;0;;
SPE00120566;1984-09-09;316;152;0;;
SPE00120566;1984-09-10;308;144;0;;
SPE00120566;1984-09-11;289;147;0;;
SPE00120566;1984-09-12;301;169;0;;
SPE00120566;1984-09-13;320;162;0;;
SPE00120566;1984-09-14;326;144;0;;
SPE00120566;1984-09-15;314;154;0;;
SPE00120566;1984-09-16;284;114;0;;
SPE00120566;1984-09-17;304;94;0;;
SPE00120566;1984-09-18;268;132;0;;
SPE00120566;1984-09-19;273;105;0;;
SPE00120566;1984-09-20;298;100;0;;
SPE00120566;1984-09-21;314;128;0;;
SPE00120566;1984-09-22;305;107;0;;
SPE00120566;1984-09-23;280;140;0;;
SPE00120566;1984-09-24;229;129;0;;
SPE00120566;1984-09-25;224;66;0;;
SPE00120566;1984-09-26;269;67;0;;
SPE00120566;1984-09-27;280;78;0;;
SPE00120566;1984-09-28;250;130;184;;
SPE00120566;1984-09-29;206;124;0;;
SPE00120566;1984-09-30;242;96;0;;
SPE00120566;1984-10-01;224;142;0;;
SPE00120566;1984-10-02;174;100;20;;
SPE00120566;1984-10-03;178;84;0;;
SPE00120566;1984-10-04;195;85;38;;
SPE00120566;1984-10-05;195;85;0;;
SPE00120566;1984-10-06;194;84;0;;
SPE00120566;1984-10-07;196;30;0;;
SPE00120566;1984-10-08;234;52;0;;
SPE00120566;1984-10-09;240;70;0;;
SPE00120566;1984-10-10;238;84;0;;
SPE00120566;1984-10-11;263;65;0;;
SPE00120566;1984-10-12;260;80;0;;
SPE00120566;1984-10-13;272;70;0;;
SPE00120566;1984-10-14;252;108;0;;
SPE00120566;1984-10-15;239;99;0;;
SPE00120566;1984-10-16;258;70;0;;
SPE00120566;1984-10-17;259;63;0;;
SPE00120566;1984-10-18;224;78;0;;
SPE00120566;1984-10-19;164;128;68;;
SPE00120566;1984-10-20;200;122;0;;
SPE00120566;1984-10-21;214;100;0;;
SPE00120566;1984-10-22;215;61;0;;
SPE00120566;1984-10-23;245;67;0;;
SPE00120566;1984-10-24;260;66;0;;
SPE00120566;1984-10-25;222;78;3;;
SPE00120566;1984-10-26;165;123;59;;
SPE00120566;1984-10-27;200;118;1;;
SPE00120566;1984-10-28;184;82;2;;
SPE00120566;1984-10-29;210;80;0;;
SPE00120566;1984-10-30;190;98;0;;
SPE00120566;1984-10-31;214;100;0;;
SPE00120566;1984-11-01;186;114;4;;
SPE00120566;1984-11-02;145;71;25;;
SPE00120566;1984-11-03;148;28;1;;
SPE00120566;1984-11-04;114;38;65;;
SPE00120566;1984-11-05;132;46;0;;
SPE00120566;1984-11-06;145;89;64;;
SPE00120566;1984-11-07;130;94;132;;
SPE00120566;1984-11-08;130;94;104;;
SPE00120566;1984-11-09;156;64;0;;
SPE00120566;1984-11-10;113;39;17;;
SPE00120566;1984-11-11;198;78;0;;
SPE00120566;1984-11-12;152;90;132;;
SPE00120566;1984-11-13;106;50;148;;
SPE00120566;1984-11-14;127;49;0;;
SPE00120566;1984-11-15;123;55;24;;
SPE00120566;1984-11-16;173;95;14;;
SPE00120566;1984-11-17;170;76;5;;
SPE00120566;1984-11-18;138;84;48;;
SPE00120566;1984-11-19;154;94;0;;
SPE00120566;1984-11-20;146;62;0;;
SPE00120566;1984-11-21;144;98;0;;
SPE00120566;1984-11-22;162;104;0;;
SPE00120566;1984-11-23;196;96;0;;
SPE00120566;1984-11-24;141;75;0;;
SPE00120566;1984-11-25;151;39;0;;
SPE00120566;1984-11-26;184;68;0;;
SPE00120566;1984-11-27;143;-7;0;;
SPE00120566;1984-11-28;147;-9;0;;
SPE00120566;1984-11-29;145;9;2;;
SPE00120566;1984-11-30;144;76;102;;
SPE00120566;1984-12-01;100;44;0;;
SPE00120566;1984-12-02;101;39;3;;
SPE00120566;1984-12-03;126;78;1;;
SPE00120566;1984-12-04;138;72;0;;
SPE00120566;1984-12-05;134;72;0;;
SPE00120566;1984-12-06;149;75;0;;
SPE00120566;1984-12-07;140;60;0;;
SPE00120566;1984-12-08;158;84;0;;
SPE00120566;1984-12-09;158;48;0;;
SPE00120566;1984-12-10;134;18;0;;
SPE00120566;1984-12-11;112;32;0;;
SPE00120566;1984-12-12;126;22;40;;
SPE00120566;1984-12-13;120;42;0;;
SPE00120566;1984-12-14;96;-12;6;;
SPE00120566;1984-12-15;110;42;3;;
SPE00120566;1984-12-16;112;60;0;;
SPE00120566;1984-12-17;113;17;2;;
SPE00120566;1984-12-18;95;33;0;;
SPE00120566;1984-12-19;103;-1;0;;
SPE00120566;1984-12-20;92;-16;4;;
SPE00120566;1984-12-21;174;52;0;;
SPE00120566;1984-12-22;146;-14;0;;
SPE00120566;1984-12-23;81;1;0;;
SPE00120566;1984-12-24;77;-5;0;;
SPE00120566;1984-12-25;106;-6;0;;
SPE00120566;1984-12-26;115;15;4;;
SPE00120566;1984-12-27;94;18;0;;
SPE00120566;1984-12-28;123;17;0;;
SPE00120566;1984-12-29;122;-16;0;;
SPE00120566;1984-12-30;119;-33;0;;
SPE00120566;1984-12-31;142;-22;0;;
SPE00120566;1985-01-01;132;0;0;;
SPE00120566;1985-01-02;133;-25;0;;
SPE00120566;1985-01-03;106;-30;0;;
SPE00120566;1985-01-04;77;7;25;;
SPE00120566;1985-01-05;95;55;46;;
SPE00120566;1985-01-06;76;-22;2;;
SPE00120566;1985-01-07;58;-62;0;;
SPE00120566;1985-01-08;49;-45;0;;
SPE00120566;1985-01-09;43;-89;0;;
SPE00120566;1985-01-10;79;-75;0;;
SPE00120566;1985-01-11;74;-22;0;;
SPE00120566;1985-01-12;59;-41;0;;
SPE00120566;1985-01-13;58;-68;0;;
SPE00120566;1985-01-14;56;-54;0;;
SPE00120566;1985-01-15;31;-79;2;;
SPE00120566;1985-01-16;60;-26;0;;
SPE00120566;1985-01-17;100;8;29;;
SPE00120566;1985-01-18;97;11;0;;
SPE00120566;1985-01-19;60;-8;10;;
SPE00120566;1985-01-20;83;35;173;;
SPE00120566;1985-01-21;164;72;124;;
SPE00120566;1985-01-22;150;88;20;;
SPE00120566;1985-01-23;116;50;34;;
SPE00120566;1985-01-24;101;9;0;;
SPE00120566;1985-01-25;102;28;22;;
SPE00120566;1985-01-26;128;32;2;;
SPE00120566;1985-01-27;125;13;0;;
SPE00120566;1985-01-28;104;24;0;;
SPE00120566;1985-01-29;76;52;0;;
SPE00120566;1985-01-30;144;34;0;;
SPE00120566;1985-01-31;162;2;0;;
SPE00120566;1985-02-01;171;3;0;;
SPE00120566;1985-02-02;179;3;0;;
SPE00120566;1985-02-03;164;0;0;;
SPE00120566;1985-02-04;194;-4;0;;
SPE00120566;1985-02-05;182;70;0;;
SPE00120566;1985-02-06;192;62;0;;
SPE00120566;1985-02-07;194;70;0;;
SPE00120566;1985-02-08;140;64;18;;
SPE00120566;1985-02-09;143;83;102;;
SPE00120566;1985-02-10;114;80;59;;
SPE00120566;1985-02-11;162;98;0;;
SPE00120566;1985-02-12;166;92;5;;
SPE00120566;1985-02-13;151;67;7;;
SPE00120566;1985-02-14;168;104;0;;
SPE00120566;1985-02-15;178;96;0;;
SPE00120566;1985-02-16;168;48;22;;
SPE00120566;1985-02-17;146;72;0;;
SPE00120566;1985-02-18;140;60;3;;
SPE00120566;1985-02-19;145;25;0;;
SPE00120566;1985-02-20;90;30;14;;
SPE00120566;1985-02-21;52;22;5;;
SPE00120566;1985-02-22;115;43;0;;
SPE00120566;1985-02-23;118;38;0;;
SPE00120566;1985-02-24;98;26;0;;
SPE00120566;1985-02-25;110;54;0;;
SPE00120566;1985-02-26;139;63;0;;
SPE00120566;1985-02-27;156;20;0;;
SPE00120566;1985-02-28;174;50;0;;
SPE00120566;1985-03-01;130;64;23;;
SPE00120566;1985-03-02;138;20;0;;
SPE00120566;1985-03-03;131;43;10;;
SPE00120566;1985-03-04;120;26;0;;
SPE00120566;1985-03-05;124;20;0;;
SPE00120566;1985-03-06;126;-22;0;;
SPE00120566;1985-03-07;152;10;0;;
SPE00120566;1985-03-08;144;10;0;;
SPE00120566;1985-03-09;166;0;0;;
SPE00120566;1985-03-10;172;26;0;;
SPE00120566;1985-03-11;180;-2;0;;
SPE00120566;1985-03-12;161;3;0;;
SPE00120566;1985-03-13;123;-7;0;;
SPE00120566;1985-03-14;152;0;0;;
SPE00120566;1985-03-15;160;14;0;;
SPE00120566;1985-03-16;161;7;0;;
SPE00120566;1985-03-17;146;20;0;;
SPE00120566;1985-03-18;162;18;0;;
SPE00120566;1985-03-19;154;62;0;;
SPE00120566;1985-03-20;151;43;5;;
SPE00120566;1985-03-21;164;92;0;;
SPE00120566;1985-03-22;175;77;0;;
SPE00120566;1985-03-23;164;26;0;;
SPE00120566;1985-03-24;176;30;0;;
SPE00120566;1985-03-25;154;76;0;;
SPE00120566;1985-03-26;188;50;0;;
SPE00120566;1985-03-27;170;44;29;;
SPE00120566;1985-03-28;144;30;0;;
SPE00120566;1985-03-29;155;-15;0;;
SPE00120566;1985-03-30;213;3;0;;
SPE00120566;1985-03-31;225;63;0;;
SPE00120566;1985-04-01;223;85;0;;
SPE00120566;1985-04-02;248;64;0;;
SPE00120566;1985-04-03;262;72;0;;
SPE00120566;1985-04-04;204;84;32;;
SPE00120566;1985-04-05;144;78;39;;
SPE00120566;1985-04-06;162;72;15;;
SPE00120566;1985-04-07;202;112;54;;
SPE00120566;1985-04-08;144;94;75;;
SPE00120566;1985-04-09;138;58;0;;
SPE00120566;1985-04-10;152;48;0;;
SPE00120566;1985-04-11;188;44;0;;
SPE00120566;1985-04-12;208;82;0;;
SPE00120566;1985-04-13;224;58;0;;
SPE00120566;1985-04-14;187;53;0;;
SPE00120566;1985-04-15;220;22;0;;
SPE00120566;1985-04-16;237;73;0;;
SPE00120566;1985-04-17;256;52;0;;
SPE00120566;1985-04-18;261;87;0;;
SPE00120566;1985-04-19;268;104;0;;
SPE00120566;1985-04-20;206;104;17;;
SPE00120566;1985-04-21;158;96;44;;
SPE00120566;1985-04-22;136;62;80;;
SPE00120566;1985-04-23;144;46;0;;
SPE00120566;1985-04-24;171;81;12;;
SPE00120566;1985-04-25;190;72;0;;
SPE00120566;1985-04-26;211;69;0;;
SPE00120566;1985-04-27;202;94;0;;
SPE00120566;1985-04-28;222;94;0;;
SPE00120566;1985-04-29;239;55;0;;
SPE00120566;1985-04-30;271;57;0;;
SPE00120566;1985-05-01;287;95;4;;
SPE00120566;1985-05-02;248;124;30;;
SPE00120566;1985-05-03;209;123;0;;
SPE00120566;1985-05-04;210;114;0;;
SPE00120566;1985-05-05;182;78;1;;
SPE00120566;1985-05-06;133;41;3;;
SPE00120566;1985-05-07;160;28;0;;
SPE00120566;1985-05-08;203;43;0;;
SPE00120566;1985-05-09;216;58;0;;
SPE00120566;1985-05-10;179;93;0;;
SPE00120566;1985-05-11;170;38;0;;
SPE00120566;1985-05-12;185;37;0;;
SPE00120566;1985-05-13;210;46;40;;
SPE00120566;1985-05-14;187;93;0;;
SPE00120566;1985-05-15;160;62;127;;
SPE00120566;1985-05-16;171;47;0;;
SPE00120566;1985-05-17;195;65;0;;
SPE00120566;1985-05-18;222;80;0;;
SPE00120566;1985-05-19;241;75;5;;
SPE00120566;1985-05-20;236;118;0;;
SPE00120566;1985-05-21;250;104;0;;
SPE00120566;1985-05-22;258;126;0;;
SPE00120566;1985-05-23;218;128;0;;
SPE00120566;1985-05-24;256;104;0;;
SPE00120566;1985-05-25;273;121;0;;
SPE00120566;1985-05-26;248;130;24;;
SPE00120566;1985-05-27;212;122;0;;
SPE00120566;1985-05-28;260;90;0;;
SPE00120566;1985-05-29;240;118;0;;
SPE00120566;1985-05-30;290;146;0;;
SPE00120566;1985-05-31;265;125;181;;
SPE00120566;1985-06-01;162;134;72;;
SPE00120566;1985-06-02;240;114;5;;
SPE00120566;1985-06-03;237;127;0;;
SPE00120566;1985-06-04;261;135;0;;
SPE00120566;1985-06-05;252;158;0;;
SPE00120566;1985-06-06;218;146;0;;
SPE00120566;1985-06-07;233;137;0;;
SPE00120566;1985-06-08;255;131;0;;
SPE00120566;1985-06-09;276;110;0;;
SPE00120566;1985-06-10;300;124;0;;
SPE00120566;1985-06-11;318;140;0;;
SPE00120566;1985-06-12;334;170;0;;
SPE00120566;1985-06-13;334;174;0;;
SPE00120566;1985-06-14;285;133;0;;
SPE00120566;1985-06-15;300;152;0;;
SPE00120566;1985-06-16;306;158;0;;
SPE00120566;1985-06-17;334;150;0;;
SPE00120566;1985-06-18;323;191;0;;
SPE00120566;1985-06-19;302;182;0;;
SPE00120566;1985-06-20;308;124;0;;
SPE00120566;1985-06-21;315;155;0;;
SPE00120566;1985-06-22;292;142;0;;
SPE00120566;1985-06-23;317;167;0;;
SPE00120566;1985-06-24;342;188;0;;
SPE00120566;1985-06-25;346;190;37;;
SPE00120566;1985-06-26;335;205;0;;
SPE00120566;1985-06-27;350;194;0;;
SPE00120566;1985-06-28;342;170;0;;
SPE00120566;1985-06-29;358;186;0;;
SPE00120566;1985-06-30;360;200;0;;
SPE00120566;1985-07-01;366;202;0;;
SPE00120566;1985-07-02;284;178;0;;
SPE00120566;1985-07-03;280;144;2;;
SPE00120566;1985-07-04;310;142;0;;
SPE00120566;1985-07-05;370;170;0;;
SPE00120566;1985-07-06;386;218;0;;
SPE00120566;1985-07-07;354;220;0;;
SPE00120566;1985-07-08;375;205;0;;
SPE00120566;1985-07-09;339;175;0;;
SPE00120566;1985-07-10;355;195;0;;
SPE00120566;1985-07-11;361;175;0;;
SPE00120566;1985-07-12;379;189;0;;
SPE00120566;1985-07-13;394;206;0;;
SPE00120566;1985-07-14;373;205;0;;
SPE00120566;1985-07-15;346;220;0;;
SPE00120566;1985-07-16;345;177;0;;
SPE00120566;1985-07-17;362;206;0;;
SPE00120566;1985-07-18;348;202;0;;
SPE00120566;1985-07-19;360;206;0;;
SPE00120566;1985-07-20;376;226;0;;
SPE00120566;1985-07-21;380;222;0;;
SPE00120566;1985-07-22;386;216;0;;
SPE00120566;1985-07-23;390;220;0;;
SPE00120566;1985-07-24;410;206;1;;
SPE00120566;1985-07-25;400;232;0;;
SPE00120566;1985-07-26;326;198;0;;
SPE00120566;1985-07-27;337;183;0;;
SPE00120566;1985-07-28;306;182;0;;
SPE00120566;1985-07-29;266;178;0;;
SPE00120566;1985-07-30;290;154;0;;
SPE00120566;1985-07-31;328;150;0;;
SPE00120566;1985-08-01;333;173;0;;
SPE00120566;1985-08-02;359;173;0;;
SPE00120566;1985-08-03;383;187;0;;
SPE00120566;1985-08-04;405;219;0;;
SPE00120566;1985-08-05;360;184;0;;
SPE00120566;1985-08-06;271;125;0;;
SPE00120566;1985-08-07;305;115;0;;
SPE00120566;1985-08-08;351;151;0;;
SPE00120566;1985-08-09;347;171;0;;
SPE00120566;1985-08-10;327;175;0;;
SPE00120566;1985-08-11;335;163;0;;
SPE00120566;1985-08-12;334;192;0;;
SPE00120566;1985-08-13;334;192;0;;
SPE00120566;1985-08-14;335;201;0;;
SPE00120566;1985-08-15;340;186;0;;
SPE00120566;1985-08-16;352;184;0;;
SPE00120566;1985-08-17;366;164;0;;
SPE00120566;1985-08-18;382;168;0;;
SPE00120566;1985-08-19;359;207;0;;
SPE00120566;1985-08-20;376;194;0;;
SPE00120566;1985-08-21;377;205;0;;
SPE00120566;1985-08-22;368;216;0;;
SPE00120566;1985-08-23;358;178;0;;
SPE00120566;1985-08-24;318;172;0;;
SPE00120566;1985-08-25;272;158;0;;
SPE00120566;1985-08-26;270;118;0;;
SPE00120566;1985-08-27;318;124;0;;
SPE00120566;1985-08-28;346;140;0;;
SPE00120566;1985-08-29;362;156;0;;
SPE00120566;1985-08-30;350;196;0;;
SPE00120566;1985-08-31;348;160;0;;
SPE00120566;1985-09-01;357;185;0;;
SPE00120566;1985-09-02;360;156;0;;
SPE00120566;1985-09-03;352;196;0;;
SPE00120566;1985-09-04;360;166;0;;
SPE00120566;1985-09-05;366;184;0;;
SPE00120566;1985-09-06;371;203;0;;
SPE00120566;1985-09-07;360;168;0;;
SPE00120566;1985-09-08;366;180;0;;
SPE00120566;1985-09-09;355;173;0;;
SPE00120566;1985-09-10;366;176;0;;
SPE00120566;1985-09-11;360;196;0;;
SPE00120566;1985-09-12;348;174;0;;
SPE00120566;1985-09-13;354;210;0;;
SPE00120566;1985-09-14;365;175;0;;
SPE00120566;1985-09-15;350;154;0;;
SPE00120566;1985-09-16;300;142;0;;
SPE00120566;1985-09-17;305;115;0;;
SPE00120566;1985-09-18;294;154;0;;
SPE00120566;1985-09-19;294;152;0;;
SPE00120566;1985-09-20;306;172;7;;
SPE00120566;1985-09-21;280;150;0;;
SPE00120566;1985-09-22;296;130;0;;
SPE00120566;1985-09-23;305;145;0;;
SPE00120566;1985-09-24;305;153;0;;
SPE00120566;1985-09-25;302;150;0;;
SPE00120566;1985-09-26;304;148;0;;
SPE00120566;1985-09-27;280;138;0;;
SPE00120566;1985-09-28;312;132;0;;
SPE00120566;1985-09-29;312;154;0;;
SPE00120566;1985-09-30;310;154;0;;
SPE00120566;1985-10-01;329;171;0;;
SPE00120566;1985-10-02;323;177;0;;
SPE00120566;1985-10-03;286;150;0;;
SPE00120566;1985-10-04;264;140;0;;
SPE00120566;1985-10-05;238;116;0;;
SPE00120566;1985-10-06;261;69;0;;
SPE00120566;1985-10-07;268;70;0;;
SPE00120566;1985-10-08;270;144;0;;
SPE00120566;1985-10-09;244;88;0;;
SPE00120566;1985-10-10;264;98;0;;
SPE00120566;1985-10-11;262;124;0;;
SPE00120566;1985-10-12;263;115;0;;
SPE00120566;1985-10-13;292;84;0;;
SPE00120566;1985-10-14;292;84;0;;
SPE00120566;1985-10-15;264;124;0;;
SPE00120566;1985-10-16;290;74;0;;
SPE00120566;1985-10-17;294;86;0;;
SPE00120566;1985-10-18;270;126;0;;
SPE00120566;1985-10-19;266;80;0;;
SPE00120566;1985-10-20;262;70;0;;
SPE00120566;1985-10-21;254;94;0;;
SPE00120566;1985-10-22;269;57;0;;
SPE00120566;1985-10-23;255;55;0;;
SPE00120566;1985-10-24;246;84;0;;
SPE00120566;1985-10-25;240;88;0;;
SPE00120566;1985-10-26;215;51;0;;
SPE00120566;1985-10-27;184;70;0;;
SPE00120566;1985-10-28;205;65;0;;
SPE00120566;1985-10-29;224;65;0;;
SPE00120566;1985-10-30;218;50;0;;
SPE00120566;1985-10-31;204;65;0;;
SPE00120566;1985-11-01;190;80;15;;
SPE00120566;1985-11-02;132;76;7;;
SPE00120566;1985-11-03;156;94;6;;
SPE00120566;1985-11-04;160;130;68;;
SPE00120566;1985-11-05;210;140;0;;
SPE00120566;1985-11-06;228;160;0;;
SPE00120566;1985-11-07;214;140;0;;
SPE00120566;1985-11-08;256;92;0;;
SPE00120566;1985-11-09;250;96;0;;
SPE00120566;1985-11-10;240;80;0;;
SPE00120566;1985-11-11;218;85;0;;
SPE00120566;1985-11-12;178;64;68;;
SPE00120566;1985-11-13;130;26;0;;
SPE00120566;1985-11-14;148;0;2;;
SPE00120566;1985-11-15;102;45;40;;
SPE00120566;1985-11-16;95;45;6;;
SPE00120566;1985-11-17;140;5;0;;
SPE00120566;1985-11-18;146;2;0;;
SPE00120566;1985-11-19;93;-3;0;;
SPE00120566;1985-11-20;88;-16;0;;
SPE00120566;1985-11-21;94;-48;0;;
SPE00120566;1985-11-22;110;-34;0;;
SPE00120566;1985-11-23;122;-30;0;;
SPE00120566;1985-11-24;63;-35;10;;
SPE00120566;1985-11-25;82;30;112;;
SPE00120566;1985-11-26;88;50;81;;
SPE00120566;1985-11-27;94;31;6;;
SPE00120566;1985-11-28;93;5;0;;
SPE00120566;1985-11-29;114;-10;0;;
SPE00120566;1985-11-30;100;5;0;;
SPE00120566;1985-12-01;166;8;0;;
SPE00120566;1985-12-02;180;40;0;;
SPE00120566;1985-12-03;190;50;0;;
SPE00120566;1985-12-04;222;42;49;;
SPE00120566;1985-12-05;128;72;16;;
SPE00120566;1985-12-06;131;47;0;;
SPE00120566;1985-12-07;104;-14;22;;
SPE00120566;1985-12-08;85;54;84;;
SPE00120566;1985-12-09;110;12;0;;
SPE00120566;1985-12-10;71;-11;7;;
SPE00120566;1985-12-11;88;30;2;;
SPE00120566;1985-12-12;84;-14;2;;
SPE00120566;1985-12-13;62;-20;2;;
SPE00120566;1985-12-14;113;-23;1;;
SPE00120566;1985-12-15;128;-20;0;;
SPE00120566;1985-12-16;145;-13;0;;
SPE00120566;1985-12-17;118;-24;0;;
SPE00120566;1985-12-18;81;-12;0;;
SPE00120566;1985-12-19;29;-30;0;;
SPE00120566;1985-12-20;20;-30;4;;
SPE00120566;1985-12-21;70;1;0;;
SPE00120566;1985-12-22;117;15;61;;
SPE00120566;1985-12-23;100;15;6;;
SPE00120566;1985-12-24;155;50;60;;
SPE00120566;1985-12-25;145;64;0;;
SPE00120566;1985-12-26;119;49;9;;
SPE00120566;1985-12-27;120;65;120;;
SPE00120566;1985-12-28;125;72;91;;
SPE00120566;1985-12-29;80;32;121;;
SPE00120566;1985-12-30;35;2;54;;
SPE00120566;1985-12-31;65;-5;1;;
SPE00120566;1986-01-01;146;60;7;;
SPE00120566;1986-01-02;116;52;14;;
SPE00120566;1986-01-03;94;34;0;;
SPE00120566;1986-01-04;102;20;0;;
SPE00120566;1986-01-05;120;12;0;;
SPE00120566;1986-01-06;98;6;0;;
SPE00120566;1986-01-07;81;27;37;;
SPE00120566;1986-01-08;96;40;0;;
SPE00120566;1986-01-09;94;-4;1;;
SPE00120566;1986-01-10;84;-18;0;;
SPE00120566;1986-01-11;78;-10;0;;
SPE00120566;1986-01-12;142;-20;0;;
SPE00120566;1986-01-13;131;-15;0;;
SPE00120566;1986-01-14;127;-35;0;;
SPE00120566;1986-01-15;114;-36;0;;
SPE00120566;1986-01-16;152;22;0;;
SPE00120566;1986-01-17;132;-20;0;;
SPE00120566;1986-01-18;151;-11;0;;
SPE00120566;1986-01-19;134;-18;0;;
SPE00120566;1986-01-20;130;0;0;;
SPE00120566;1986-01-21;110;34;0;;
SPE00120566;1986-01-22;118;30;0;;
SPE00120566;1986-01-23;130;56;0;;
SPE00120566;1986-01-24;144;26;0;;
SPE00120566;1986-01-25;106;-22;0;;
SPE00120566;1986-01-26;112;-40;0;;
SPE00120566;1986-01-27;136;-8;0;;
SPE00120566;1986-01-28;94;-16;6;;
SPE00120566;1986-01-29;100;28;35;;
SPE00120566;1986-01-30;75;13;0;;
SPE00120566;1986-01-31;76;-6;0;;
SPE00120566;1986-02-01;104;20;0;;
SPE00120566;1986-02-02;96;-4;11;;
SPE00120566;1986-02-03;95;28;36;;
SPE00120566;1986-02-04;43;1;43;;
SPE00120566;1986-02-05;94;-6;0;;
SPE00120566;1986-02-06;107;-5;0;;
SPE00120566;1986-02-07;95;-25;1;;
SPE00120566;1986-02-08;75;0;0;;
SPE00120566;1986-02-09;88;-30;0;;
SPE00120566;1986-02-10;96;-50;0;;
SPE00120566;1986-02-11;91;3;1;;
SPE00120566;1986-02-12;94;-12;14;;
SPE00120566;1986-02-13;119;45;194;;
SPE00120566;1986-02-14;155;71;31;;
SPE00120566;1986-02-15;110;55;72;;
SPE00120566;1986-02-16;167;31;63;;
SPE00120566;1986-02-17;114;30;18;;
SPE00120566;1986-02-18;126;55;30;;
SPE00120566;1986-02-19;115;35;36;;
SPE00120566;1986-02-20;110;56;43;;
SPE00120566;1986-02-21;124;52;0;;
SPE00120566;1986-02-22;128;52;1;;
SPE00120566;1986-02-23;154;102;0;;
SPE00120566;1986-02-24;164;80;17;;
SPE00120566;1986-02-25;135;45;0;;
SPE00120566;1986-02-26;169;55;0;;
SPE00120566;1986-02-27;153;55;0;;
SPE00120566;1986-02-28;147;67;12;;
SPE00120566;1986-03-01;126;82;55;;
SPE00120566;1986-03-02;132;60;0;;
SPE00120566;1986-03-03;154;26;4;;
SPE00120566;1986-03-04;189;43;0;;
SPE00120566;1986-03-05;196;32;0;;
SPE00120566;1986-03-06;190;80;0;;
SPE00120566;1986-03-07;166;62;8;;
SPE00120566;1986-03-08;118;56;4;;
SPE00120566;1986-03-09;158;34;0;;
SPE00120566;1986-03-10;142;50;0;;
SPE00120566;1986-03-11;157;1;0;;
SPE00120566;1986-03-12;162;28;30;;
SPE00120566;1986-03-13;118;34;0;;
SPE00120566;1986-03-14;156;20;0;;
SPE00120566;1986-03-15;181;7;0;;
SPE00120566;1986-03-16;186;30;0;;
SPE00120566;1986-03-17;196;60;0;;
SPE00120566;1986-03-18;166;68;0;;
SPE00120566;1986-03-19;174;80;0;;
SPE00120566;1986-03-20;208;40;3;;
SPE00120566;1986-03-21;178;70;0;;
SPE00120566;1986-03-22;199;25;0;;
SPE00120566;1986-03-23;226;62;0;;
SPE00120566;1986-03-24;190;76;0;;
SPE00120566;1986-03-25;134;34;12;;
SPE00120566;1986-03-26;146;-4;0;;
SPE00120566;1986-03-27;204;44;2;;
SPE00120566;1986-03-28;169;65;0;;
SPE00120566;1986-03-29;180;34;0;;
SPE00120566;1986-03-30;192;34;0;;
SPE00120566;1986-03-31;227;37;0;;
SPE00120566;1986-04-01;232;34;0;;
SPE00120566;1986-04-02;148;80;0;;
SPE00120566;1986-04-03;182;50;0;;
SPE00120566;1986-04-04;198;56;0;;
SPE00120566;1986-04-05;152;46;45;;
SPE00120566;1986-04-06;103;39;58;;
SPE00120566;1986-04-07;108;18;4;;
SPE00120566;1986-04-08;112;-4;0;;
SPE00120566;1986-04-09;137;3;0;;
SPE00120566;1986-04-10;172;8;0;;
SPE00120566;1986-04-11;161;59;17;;
SPE00120566;1986-04-12;84;-2;12;;
SPE00120566;1986-04-13;138;-26;0;;
SPE00120566;1986-04-14;153;1;0;;
SPE00120566;1986-04-15;142;42;6;;
SPE00120566;1986-04-16;141;65;20;;
SPE00120566;1986-04-17;136;38;42;;
SPE00120566;1986-04-18;130;30;0;;
SPE00120566;1986-04-19;164;40;0;;
SPE00120566;1986-04-20;190;42;0;;
SPE00120566;1986-04-21;172;72;21;;
SPE00120566;1986-04-22;136;58;17;;
SPE00120566;1986-04-23;138;54;22;;
SPE00120566;1986-04-24;142;62;58;;
SPE00120566;1986-04-25;144;56;39;;
SPE00120566;1986-04-26;95;45;13;;
SPE00120566;1986-04-27;160;20;0;;
SPE00120566;1986-04-28;176;54;0;;
SPE00120566;1986-04-29;214;28;0;;
SPE00120566;1986-04-30;224;60;0;;
SPE00120566;1986-05-01;249;59;0;;
SPE00120566;1986-05-02;252;82;0;;
SPE00120566;1986-05-03;190;44;0;;
SPE00120566;1986-05-04;135;69;1;;
SPE00120566;1986-05-05;144;92;44;;
SPE00120566;1986-05-06;175;87;0;;
SPE00120566;1986-05-07;182;82;0;;
SPE00120566;1986-05-08;234;74;0;;
SPE00120566;1986-05-09;282;96;0;;
SPE00120566;1986-05-10;304;112;0;;
SPE00120566;1986-05-11;322;130;0;;
SPE00120566;1986-05-12;312;146;105;;
SPE00120566;1986-05-13;284;156;0;;
SPE00120566;1986-05-14;244;110;0;;
SPE00120566;1986-05-15;255;105;0;;
SPE00120566;1986-05-16;281;161;0;;
SPE00120566;1986-05-17;313;143;0;;
SPE00120566;1986-05-18;254;168;0;;
SPE00120566;1986-05-19;320;144;0;;
SPE00120566;1986-05-20;274;142;0;;
SPE00120566;1986-05-21;276;92;0;;
SPE00120566;1986-05-22;308;126;5;;
SPE00120566;1986-05-23;306;140;0;;
SPE00120566;1986-05-24;321;165;0;;
SPE00120566;1986-05-25;348;154;0;;
SPE00120566;1986-05-26;312;166;0;;
SPE00120566;1986-05-27;324;152;0;;
SPE00120566;1986-05-28;326;164;0;;
SPE00120566;1986-05-29;240;102;0;;
SPE00120566;1986-05-30;220;78;0;;
SPE00120566;1986-05-31;254;76;0;;
SPE00120566;1986-06-01;272;112;0;;
SPE00120566;1986-06-02;282;122;0;;
SPE00120566;1986-06-03;299;143;0;;
SPE00120566;1986-06-04;318;142;0;;
SPE00120566;1986-06-05;306;146;0;;
SPE00120566;1986-06-06;270;156;0;;
SPE00120566;1986-06-07;272;96;0;;
SPE00120566;1986-06-08;300;114;0;;
SPE00120566;1986-06-09;322;146;0;;
SPE00120566;1986-06-10;320;172;0;;
SPE00120566;1986-06-11;320;164;0;;
SPE00120566;1986-06-12;340;196;0;;
SPE00120566;1986-06-13;329;125;0;;
SPE00120566;1986-06-14;320;136;0;;
SPE00120566;1986-06-15;326;162;0;;
SPE00120566;1986-06-16;320;166;0;;
SPE00120566;1986-06-17;330;176;0;;
SPE00120566;1986-06-18;344;164;0;;
SPE00120566;1986-06-19;326;180;0;;
SPE00120566;1986-06-20;255;155;0;;
SPE00120566;1986-06-21;257;115;0;;
SPE00120566;1986-06-22;272;122;0;;
SPE00120566;1986-06-23;282;150;0;;
SPE00120566;1986-06-24;344;132;0;;
SPE00120566;1986-06-25;336;182;0;;
SPE00120566;1986-06-26;360;214;0;;
SPE00120566;1986-06-27;359;179;0;;
SPE00120566;1986-06-28;370;194;0;;
SPE00120566;1986-06-29;308;190;0;;
SPE00120566;1986-06-30;328;172;0;;
SPE00120566;1986-07-01;348;166;0;;
SPE00120566;1986-07-02;360;204;0;;
SPE00120566;1986-07-03;370;174;0;;
SPE00120566;1986-07-04;375;211;0;;
SPE00120566;1986-07-05;386;208;0;;
SPE00120566;1986-07-06;371;227;0;;
SPE00120566;1986-07-07;384;182;0;;
SPE00120566;1986-07-08;392;198;0;;
SPE00120566;1986-07-09;384;216;0;;
SPE00120566;1986-07-10;380;220;0;;
SPE00120566;1986-07-11;384;220;0;;
SPE00120566;1986-07-12;330;208;0;;
SPE00120566;1986-07-13;305;159;0;;
SPE00120566;1986-07-14;311;153;0;;
SPE00120566;1986-07-15;327;159;0;;
SPE00120566;1986-07-16;352;190;0;;
SPE00120566;1986-07-17;386;190;0;;
SPE00120566;1986-07-18;348;182;0;;
SPE00120566;1986-07-19;331;133;0;;
SPE00120566;1986-07-20;353;147;0;;
SPE00120566;1986-07-21;376;144;0;;
SPE00120566;1986-07-22;373;229;0;;
SPE00120566;1986-07-23;294;172;0;;
SPE00120566;1986-07-24;334;160;0;;
SPE00120566;1986-07-25;314;168;25;;
SPE00120566;1986-07-26;304;162;0;;
SPE00120566;1986-07-27;328;160;0;;
SPE00120566;1986-07-28;350;188;0;;
SPE00120566;1986-07-29;384;208;0;;
SPE00120566;1986-07-30;408;226;0;;
SPE00120566;1986-07-31;350;194;0;;
SPE00120566;1986-08-01;355;193;0;;
SPE00120566;1986-08-02;382;202;0;;
SPE00120566;1986-08-03;336;197;0;;
SPE00120566;1986-08-04;299;145;0;;
SPE00120566;1986-08-05;348;132;0;;
SPE00120566;1986-08-06;364;156;0;;
SPE00120566;1986-08-07;344;190;0;;
SPE00120566;1986-08-08;340;186;0;;
SPE00120566;1986-08-09;329;187;0;;
SPE00120566;1986-08-10;319;193;0;;
SPE00120566;1986-08-11;307;171;0;;
SPE00120566;1986-08-12;342;154;0;;
SPE00120566;1986-08-13;350;170;0;;
SPE00120566;1986-08-14;374;156;0;;
SPE00120566;1986-08-15;364;184;0;;
SPE00120566;1986-08-16;382;162;0;;
SPE00120566;1986-08-17;310;194;0;;
SPE00120566;1986-08-18;271;169;0;;
SPE00120566;1986-08-19;311;165;0;;
SPE00120566;1986-08-20;356;154;0;;
SPE00120566;1986-08-21;358;184;0;;
SPE00120566;1986-08-22;358;174;0;;
SPE00120566;1986-08-23;325;179;0;;
SPE00120566;1986-08-24;326;154;0;;
SPE00120566;1986-08-25;331;137;0;;
SPE00120566;1986-08-26;292;182;0;;
SPE00120566;1986-08-27;300;170;0;;
SPE00120566;1986-08-28;280;160;0;;
SPE00120566;1986-08-29;272;122;0;;
SPE00120566;1986-08-30;298;148;0;;
SPE00120566;1986-08-31;268;178;18;;
SPE00120566;1986-09-01;307;167;0;;
SPE00120566;1986-09-02;336;164;0;;
SPE00120566;1986-09-03;358;178;0;;
SPE00120566;1986-09-04;358;166;0;;
SPE00120566;1986-09-05;354;192;0;;
SPE00120566;1986-09-06;340;194;0;;
SPE00120566;1986-09-07;340;170;0;;
SPE00120566;1986-09-08;324;174;0;;
SPE00120566;1986-09-09;270;184;0;;
SPE00120566;1986-09-10;302;182;3;;
SPE00120566;1986-09-11;280;174;99;;
SPE00120566;1986-09-12;263;167;0;;
SPE00120566;1986-09-13;287;175;0;;
SPE00120566;1986-09-14;317;167;0;;
SPE00120566;1986-09-15;278;206;23;;
SPE00120566;1986-09-16;254;168;4;;
SPE00120566;1986-09-17;276;136;0;;
SPE00120566;1986-09-18;257;135;1;;
SPE00120566;1986-09-19;303;177;10;;
SPE00120566;1986-09-20;222;172;58;;
SPE00120566;1986-09-21;279;151;0;;
SPE00120566;1986-09-22;294;182;1;;
SPE00120566;1986-09-23;232;144;0;;
SPE00120566;1986-09-24;243;129;0;;
SPE00120566;1986-09-25;242;118;0;;
SPE00120566;1986-09-26;222;126;0;;
SPE00120566;1986-09-27;240;90;0;;
SPE00120566;1986-09-28;254;98;0;;
SPE00120566;1986-09-29;250;114;0;;
SPE00120566;1986-09-30;256;94;0;;
SPE00120566;1986-10-01;254;166;0;;
SPE00120566;1986-10-02;240;132;0;;
SPE00120566;1986-10-03;278;126;2;;
SPE00120566;1986-10-04;240;148;5;;
SPE00120566;1986-10-05;252;142;0;;
SPE00120566;1986-10-06;238;148;27;;
SPE00120566;1986-10-07;248;150;0;;
SPE00120566;1986-10-08;266;122;0;;
SPE00120566;1986-10-09;280;116;0;;
SPE00120566;1986-10-10;268;104;0;;
SPE00120566;1986-10-11;270;140;20;;
SPE00120566;1986-10-12;241;147;54;;
SPE00120566;1986-10-13;232;122;5;;
SPE00120566;1986-10-14;224;98;261;;
SPE00120566;1986-10-15;164;122;19;;
SPE00120566;1986-10-16;192;120;28;;
SPE00120566;1986-10-17;208;124;16;;
SPE00120566;1986-10-18;212;100;0;;
SPE00120566;1986-10-19;204;100;0;;
SPE00120566;1986-10-20;216;88;0;;
SPE00120566;1986-10-21;252;88;0;;
SPE00120566;1986-10-22;258;92;0;;
SPE00120566;1986-10-23;198;110;22;;
SPE00120566;1986-10-24;163;45;119;;
SPE00120566;1986-10-25;190;114;0;;
SPE00120566;1986-10-26;192;76;0;;
SPE00120566;1986-10-27;216;52;0;;
SPE00120566;1986-10-28;230;66;0;;
SPE00120566;1986-10-29;228;64;0;;
SPE00120566;1986-10-30;206;72;0;;
SPE00120566;1986-10-31;202;56;0;;
SPE00120566;1986-11-01;210;34;0;;
SPE00120566;1986-11-02;210;70;0;;
SPE00120566;1986-11-03;198;44;0;;
SPE00120566;1986-11-04;192;10;0;;
SPE00120566;1986-11-05;184;6;0;;
SPE00120566;1986-11-06;205;3;0;;
SPE00120566;1986-11-07;202;2;0;;
SPE00120566;1986-11-08;175;19;0;;
SPE00120566;1986-11-09;180;2;0;;
SPE00120566;1986-11-10;180;-4;0;;
SPE00120566;1986-11-11;164;60;15;;
SPE00120566;1986-11-12;184;92;0;;
SPE00120566;1986-11-13;150;94;54;;
SPE00120566;1986-11-14;172;82;70;;
SPE00120566;1986-11-15;135;63;0;;
SPE00120566;1986-11-16;158;40;0;;
SPE00120566;1986-11-17;158;50;0;;
SPE00120566;1986-11-18;154;32;0;;
SPE00120566;1986-11-19;126;-2;0;;
SPE00120566;1986-11-20;156;22;0;;
SPE00120566;1986-11-21;126;68;11;;
SPE00120566;1986-11-22;165;99;0;;
SPE00120566;1986-11-23;144;74;0;;
SPE00120566;1986-11-24;168;44;0;;
SPE00120566;1986-11-25;167;21;0;;
SPE00120566;1986-11-26;154;22;0;;
SPE00120566;1986-11-27;144;28;0;;
SPE00120566;1986-11-28;110;2;0;;
SPE00120566;1986-11-29;146;-12;0;;
SPE00120566;1986-11-30;116;-14;0;;
SPE00120566;1986-12-01;130;-2;0;;
SPE00120566;1986-12-02;144;14;0;;
SPE00120566;1986-12-03;116;28;0;;
SPE00120566;1986-12-04;146;16;0;;
SPE00120566;1986-12-05;118;18;0;;
SPE00120566;1986-12-06;108;-10;0;;
SPE00120566;1986-12-07;144;26;0;;
SPE00120566;1986-12-08;133;37;25;;
SPE00120566;1986-12-09;115;21;0;;
SPE00120566;1986-12-10;116;-28;0;;
SPE00120566;1986-12-11;92;-36;0;;
SPE00120566;1986-12-12;144;20;0;;
SPE00120566;1986-12-13;116;42;112;;
SPE00120566;1986-12-14;134;48;0;;
SPE00120566;1986-12-15;110;14;0;;
SPE00120566;1986-12-16;148;60;0;;
SPE00120566;1986-12-17;126;2;0;;
SPE00120566;1986-12-18;128;-18;0;;
SPE00120566;1986-12-19;121;3;0;;
SPE00120566;1986-12-20;106;40;0;;
SPE00120566;1986-12-21;132;30;37;;
SPE00120566;1986-12-22;95;17;0;;
SPE00120566;1986-12-23;78;-20;0;;
SPE00120566;1986-12-24;100;-6;0;;
SPE00120566;1986-12-25;106;-22;0;;
SPE00120566;1986-12-26;126;8;0;;
SPE00120566;1986-12-27;154;30;0;;
SPE00120566;1986-12-28;124;-16;0;;
SPE00120566;1986-12-29;126;-30;0;;
SPE00120566;1986-12-30;126;-30;0;;
SPE00120566;1986-12-31;75;-35;0;;
SPE00120566;1987-01-01;121;-25;0;;
SPE00120566;1987-01-02;132;-22;0;;
SPE00120566;1987-01-03;125;-25;0;;
SPE00120566;1987-01-04;102;-30;0;;
SPE00120566;1987-01-05;116;-46;0;;
SPE00120566;1987-01-06;128;-52;0;;
SPE00120566;1987-01-07;128;-32;0;;
SPE00120566;1987-01-08;96;-26;0;;
SPE00120566;1987-01-09;87;35;272;;
SPE00120566;1987-01-10;104;28;0;;
SPE00120566;1987-01-11;104;8;6;;
SPE00120566;1987-01-12;56;12;155;;
SPE00120566;1987-01-13;116;0;24;;
SPE00120566;1987-01-14;30;-28;0;;
SPE00120566;1987-01-15;46;-14;2;;
SPE00120566;1987-01-16;87;-5;0;;
SPE00120566;1987-01-17;85;-5;0;;
SPE00120566;1987-01-18;97;-45;0;;
SPE00120566;1987-01-19;131;-31;0;;
SPE00120566;1987-01-20;98;-32;0;;
SPE00120566;1987-01-21;101;-19;0;;
SPE00120566;1987-01-22;82;-6;0;;
SPE00120566;1987-01-23;121;25;0;;
SPE00120566;1987-01-24;114;30;0;;
SPE00120566;1987-01-25;108;10;47;;
SPE00120566;1987-01-26;178;66;29;;
SPE00120566;1987-01-27;166;104;21;;
SPE00120566;1987-01-28;148;98;33;;
SPE00120566;1987-01-29;104;78;55;;
SPE00120566;1987-01-30;126;62;2;;
SPE00120566;1987-01-31;135;55;0;;
SPE00120566;1987-02-01;130;70;4;;
SPE00120566;1987-02-02;145;63;20;;
SPE00120566;1987-02-03;102;30;2;;
SPE00120566;1987-02-04;126;50;0;;
SPE00120566;1987-02-05;135;15;0;;
SPE00120566;1987-02-06;140;-8;0;;
SPE00120566;1987-02-07;150;-20;0;;
SPE00120566;1987-02-08;192;32;0;;
SPE00120566;1987-02-09;166;38;0;;
SPE00120566;1987-02-10;100;48;52;;
SPE00120566;1987-02-11;104;46;36;;
SPE00120566;1987-02-12;104;38;0;;
SPE00120566;1987-02-13;143;55;0;;
SPE00120566;1987-02-14;144;38;0;;
SPE00120566;1987-02-15;162;40;0;;
SPE00120566;1987-02-16;111;25;36;;
SPE00120566;1987-02-17;158;92;10;;
SPE00120566;1987-02-18;92;0;12;;
SPE00120566;1987-02-19;70;-10;0;;
SPE00120566;1987-02-20;72;-36;0;;
SPE00120566;1987-02-21;22;-22;16;;
SPE00120566;1987-02-22;90;-38;0;;
SPE00120566;1987-02-23;78;-20;6;;
SPE00120566;1987-02-24;126;48;22;;
SPE00120566;1987-02-25;152;82;41;;
SPE00120566;1987-02-26;166;24;0;;
SPE00120566;1987-02-27;194;70;0;;
SPE00120566;1987-02-28;232;86;0;;
SPE00120566;1987-03-01;236;52;0;;
SPE00120566;1987-03-02;234;70;0;;
SPE00120566;1987-03-03;240;110;0;;
SPE00120566;1987-03-04;242;100;0;;
SPE00120566;1987-03-05;234;68;0;;
SPE00120566;1987-03-06;235;65;0;;
SPE00120566;1987-03-07;216;68;0;;
SPE00120566;1987-03-08;208;98;0;;
SPE00120566;1987-03-09;200;114;0;;
SPE00120566;1987-03-10;200;100;0;;
SPE00120566;1987-03-11;195;65;0;;
SPE00120566;1987-03-12;169;73;74;;
SPE00120566;1987-03-13;154;66;0;;
SPE00120566;1987-03-14;184;24;0;;
SPE00120566;1987-03-15;150;36;0;;
SPE00120566;1987-03-16;162;18;0;;
SPE00120566;1987-03-17;180;6;0;;
SPE00120566;1987-03-18;186;20;0;;
SPE00120566;1987-03-19;186;42;0;;
SPE00120566;1987-03-20;149;39;0;;
SPE00120566;1987-03-21;142;0;0;;
SPE00120566;1987-03-22;166;34;0;;
SPE00120566;1987-03-23;180;36;0;;
SPE00120566;1987-03-24;162;74;5;;
SPE00120566;1987-03-25;180;86;12;;
SPE00120566;1987-03-26;202;64;0;;
SPE00120566;1987-03-27;212;88;0;;
SPE00120566;1987-03-28;162;76;4;;
SPE00120566;1987-03-29;131;15;0;;
SPE00120566;1987-03-30;144;20;0;;
SPE00120566;1987-03-31;140;0;0;;
SPE00120566;1987-04-01;190;30;0;;
SPE00120566;1987-04-02;128;70;44;;
SPE00120566;1987-04-03;110;22;17;;
SPE00120566;1987-04-04;108;22;45;;
SPE00120566;1987-04-05;135;63;12;;
SPE00120566;1987-04-06;184;92;0;;
SPE00120566;1987-04-07;170;120;170;;
SPE00120566;1987-04-08;195;103;126;;
SPE00120566;1987-04-09;161;89;0;;
SPE00120566;1987-04-10;176;54;0;;
SPE00120566;1987-04-11;178;52;0;;
SPE00120566;1987-04-12;214;70;0;;
SPE00120566;1987-04-13;210;86;0;;
SPE00120566;1987-04-14;220;58;0;;
SPE00120566;1987-04-15;204;74;0;;
SPE00120566;1987-04-16;212;62;0;;
SPE00120566;1987-04-17;232;62;0;;
SPE00120566;1987-04-18;240;78;0;;
SPE00120566;1987-04-19;243;115;0;;
SPE00120566;1987-04-20;248;102;0;;
SPE00120566;1987-04-21;220;122;0;;
SPE00120566;1987-04-22;264;104;0;;
SPE00120566;1987-04-23;284;112;3;;
SPE00120566;1987-04-24;188;92;0;;
SPE00120566;1987-04-25;214;92;0;;
SPE00120566;1987-04-26;278;74;0;;
SPE00120566;1987-04-27;302;132;0;;
SPE00120566;1987-04-28;239;121;0;;
SPE00120566;1987-04-29;240;118;0;;
SPE00120566;1987-04-30;262;90;0;;
SPE00120566;1987-05-01;288;134;0;;
SPE00120566;1987-05-02;288;114;0;;
SPE00120566;1987-05-03;274;104;0;;
SPE00120566;1987-05-04;194;58;0;;
SPE00120566;1987-05-05;198;16;0;;
SPE00120566;1987-05-06;232;58;0;;
SPE00120566;1987-05-07;275;65;0;;
SPE00120566;1987-05-08;290;90;0;;
SPE00120566;1987-05-09;278;112;0;;
SPE00120566;1987-05-10;230;142;0;;
SPE00120566;1987-05-11;255;105;0;;
SPE00120566;1987-05-12;260;104;0;;
SPE00120566;1987-05-13;254;114;0;;
SPE00120566;1987-05-14;240;106;0;;
SPE00120566;1987-05-15;246;126;0;;
SPE00120566;1987-05-16;193;107;73;;
SPE00120566;1987-05-17;176;104;0;;
SPE00120566;1987-05-18;220;108;0;;
SPE00120566;1987-05-19;252;100;0;;
SPE00120566;1987-05-20;246;70;0;;
SPE00120566;1987-05-21;280;106;0;;
SPE00120566;1987-05-22;274;98;12;;
SPE00120566;1987-05-23;189;125;5;;
SPE00120566;1987-05-24;234;102;0;;
SPE00120566;1987-05-25;288;104;0;;
SPE00120566;1987-05-26;234;118;0;;
SPE00120566;1987-05-27;242;124;0;;
SPE00120566;1987-05-28;260;104;0;;
SPE00120566;1987-05-29;296;90;0;;
SPE00120566;1987-05-30;324;80;0;;
SPE00120566;1987-05-31;331;167;0;;
SPE00120566;1987-06-01;334;170;0;;
SPE00120566;1987-06-02;340;152;0;;
SPE00120566;1987-06-03;296;182;0;;
SPE00120566;1987-06-04;290;166;0;;
SPE00120566;1987-06-05;314;158;0;;
SPE00120566;1987-06-06;341;177;0;;
SPE00120566;1987-06-07;296;170;0;;
SPE00120566;1987-06-08;228;118;0;;
SPE00120566;1987-06-09;230;104;0;;
SPE00120566;1987-06-10;232;106;0;;
SPE00120566;1987-06-11;294;110;0;;
SPE00120566;1987-06-12;303;143;0;;
SPE00120566;1987-06-13;264;92;1;;
SPE00120566;1987-06-14;221;123;2;;
SPE00120566;1987-06-15;212;94;0;;
SPE00120566;1987-06-16;258;94;0;;
SPE00120566;1987-06-17;298;108;0;;
SPE00120566;1987-06-18;320;142;0;;
SPE00120566;1987-06-19;291;155;0;;
SPE00120566;1987-06-20;312;160;0;;
SPE00120566;1987-06-21;318;158;0;;
SPE00120566;1987-06-22;322;174;0;;
SPE00120566;1987-06-23;334;184;0;;
SPE00120566;1987-06-24;340;186;0;;
SPE00120566;1987-06-25;346;196;0;;
SPE00120566;1987-06-26;364;182;0;;
SPE00120566;1987-06-27;380;206;0;;
SPE00120566;1987-06-28;386;216;0;;
SPE00120566;1987-06-29;360;212;0;;
SPE00120566;1987-06-30;358;190;39;;
SPE00120566;1987-07-01;344;180;0;;
SPE00120566;1987-07-02;344;198;0;;
SPE00120566;1987-07-03;370;200;6;;
SPE00120566;1987-07-04;368;216;2;;
SPE00120566;1987-07-05;352;190;5;;
SPE00120566;1987-07-06;332;194;133;;
SPE00120566;1987-07-07;326;192;0;;
SPE00120566;1987-07-08;354;170;0;;
SPE00120566;1987-07-09;366;220;0;;
SPE00120566;1987-07-10;358;218;2;;
SPE00120566;1987-07-11;362;212;2;;
SPE00120566;1987-07-12;327;195;16;;
SPE00120566;1987-07-13;325;181;140;;
SPE00120566;1987-07-14;308;178;3;;
SPE00120566;1987-07-15;306;164;0;;
SPE00120566;1987-07-16;278;178;0;;
SPE00120566;1987-07-17;276;182;0;;
SPE00120566;1987-07-18;280;162;0;;
SPE00120566;1987-07-19;298;140;0;;
SPE00120566;1987-07-20;334;156;0;;
SPE00120566;1987-07-21;338;176;0;;
SPE00120566;1987-07-22;336;182;0;;
SPE00120566;1987-07-23;312;190;0;;
SPE00120566;1987-07-24;304;170;0;;
SPE00120566;1987-07-25;288;152;92;;
SPE00120566;1987-07-26;288;144;0;;
SPE00120566;1987-07-27;298;132;0;;
SPE00120566;1987-07-28;354;164;0;;
SPE00120566;1987-07-29;334;198;0;;
SPE00120566;1987-07-30;320;172;0;;
SPE00120566;1987-07-31;292;150;0;;
SPE00120566;1987-08-01;326;160;0;;
SPE00120566;1987-08-02;362;172;0;;
SPE00120566;1987-08-03;376;200;0;;
SPE00120566;1987-08-04;396;206;0;;
SPE00120566;1987-08-05;348;228;0;;
SPE00120566;1987-08-06;286;176;0;;
SPE00120566;1987-08-07;292;170;0;;
SPE00120566;1987-08-08;324;180;0;;
SPE00120566;1987-08-09;318;198;0;;
SPE00120566;1987-08-10;360;182;0;;
SPE00120566;1987-08-11;386;230;0;;
SPE00120566;1987-08-12;416;246;0;;
SPE00120566;1987-08-13;380;242;0;;
SPE00120566;1987-08-14;368;236;0;;
SPE00120566;1987-08-15;372;222;0;;
SPE00120566;1987-08-16;342;218;0;;
SPE00120566;1987-08-17;345;189;0;;
SPE00120566;1987-08-18;374;196;0;;
SPE00120566;1987-08-19;391;199;0;;
SPE00120566;1987-08-20;397;195;0;;
SPE00120566;1987-08-21;372;210;0;;
SPE00120566;1987-08-22;350;210;0;;
SPE00120566;1987-08-23;324;188;0;;
SPE00120566;1987-08-24;277;155;0;;
SPE00120566;1987-08-25;311;127;0;;
SPE00120566;1987-08-26;338;126;0;;
SPE00120566;1987-08-27;333;175;0;;
SPE00120566;1987-08-28;296;174;0;;
SPE00120566;1987-08-29;294;192;9;;
SPE00120566;1987-08-30;256;166;18;;
SPE00120566;1987-08-31;300;166;0;;
SPE00120566;1987-09-01;296;164;0;;
SPE00120566;1987-09-02;320;110;0;;
SPE00120566;1987-09-03;335;175;0;;
SPE00120566;1987-09-04;326;170;0;;
SPE00120566;1987-09-05;334;170;0;;
SPE00120566;1987-09-06;336;172;0;;
SPE00120566;1987-09-07;358;160;0;;
SPE00120566;1987-09-08;376;164;0;;
SPE00120566;1987-09-09;364;190;0;;
SPE00120566;1987-09-10;343;175;0;;
SPE00120566;1987-09-11;358;184;0;;
SPE00120566;1987-09-12;372;170;0;;
SPE00120566;1987-09-13;382;176;0;;
SPE00120566;1987-09-14;375;191;0;;
SPE00120566;1987-09-15;364;204;0;;
SPE00120566;1987-09-16;348;170;0;;
SPE00120566;1987-09-17;330;166;0;;
SPE00120566;1987-09-18;347;185;0;;
SPE00120566;1987-09-19;345;175;0;;
SPE00120566;1987-09-20;288;184;19;;
SPE00120566;1987-09-21;264;156;0;;
SPE00120566;1987-09-22;284;158;0;;
SPE00120566;1987-09-23;286;170;0;;
SPE00120566;1987-09-24;280;194;0;;
SPE00120566;1987-09-25;246;168;107;;
SPE00120566;1987-09-26;260;168;0;;
SPE00120566;1987-09-27;266;156;0;;
SPE00120566;1987-09-28;282;136;0;;
SPE00120566;1987-09-29;292;138;0;;
SPE00120566;1987-09-30;289;143;0;;
SPE00120566;1987-10-01;285;161;27;;
SPE00120566;1987-10-02;243;153;0;;
SPE00120566;1987-10-03;214;142;0;;
SPE00120566;1987-10-04;238;140;33;;
SPE00120566;1987-10-05;194;126;22;;
SPE00120566;1987-10-06;194;112;0;;
SPE00120566;1987-10-07;202;130;2;;
SPE00120566;1987-10-08;228;134;0;;
SPE00120566;1987-10-09;234;98;31;;
SPE00120566;1987-10-10;140;68;65;;
SPE00120566;1987-10-11;134;60;3;;
SPE00120566;1987-10-12;194;66;0;;
SPE00120566;1987-10-13;202;72;0;;
SPE00120566;1987-10-14;186;92;0;;
SPE00120566;1987-10-15;200;148;20;;
SPE00120566;1987-10-16;188;96;0;;
SPE00120566;1987-10-17;196;62;0;;
SPE00120566;1987-10-18;206;66;0;;
SPE00120566;1987-10-19;230;112;23;;
SPE00120566;1987-10-20;160;70;25;;
SPE00120566;1987-10-21;140;50;0;;
SPE00120566;1987-10-22;118;80;76;;
SPE00120566;1987-10-23;194;82;2;;
SPE00120566;1987-10-24;174;106;14;;
SPE00120566;1987-10-25;214;120;0;;
SPE00120566;1987-10-26;218;134;1;;
SPE00120566;1987-10-27;198;116;153;;
SPE00120566;1987-10-28;167;73;0;;
SPE00120566;1987-10-29;146;48;0;;
SPE00120566;1987-10-30;194;56;0;;
SPE00120566;1987-10-31;184;100;0;;
SPE00120566;1987-11-01;186;74;0;;
SPE00120566;1987-11-02;192;80;11;;
SPE00120566;1987-11-03;176;136;42;;
SPE00120566;1987-11-04;146;126;84;;
SPE00120566;1987-11-05;162;108;0;;
SPE00120566;1987-11-06;174;82;74;;
SPE00120566;1987-11-07;146;104;177;;
SPE00120566;1987-11-08;168;120;1;;
SPE00120566;1987-11-09;168;100;0;;
SPE00120566;1987-11-10;178;82;0;;
SPE00120566;1987-11-11;196;76;0;;
SPE00120566;1987-11-12;160;82;0;;
SPE00120566;1987-11-13;158;72;30;;
SPE00120566;1987-11-14;123;65;0;;
SPE00120566;1987-11-15;152;28;0;;
SPE00120566;1987-11-16;162;20;0;;
SPE00120566;1987-11-17;182;34;0;;
SPE00120566;1987-11-18;184;44;0;;
SPE00120566;1987-11-19;182;16;0;;
SPE00120566;1987-11-20;200;22;0;;
SPE00120566;1987-11-21;150;34;0;;
SPE00120566;1987-11-22;112;10;0;;
SPE00120566;1987-11-23;114;26;2;;
SPE00120566;1987-11-24;96;18;0;;
SPE00120566;1987-11-25;102;2;0;;
SPE00120566;1987-11-26;116;10;5;;
SPE00120566;1987-11-27;104;10;0;;
SPE00120566;1987-11-28;116;-18;0;;
SPE00120566;1987-11-29;114;-28;0;;
SPE00120566;1987-11-30;112;-42;0;;
SPE00120566;1987-12-01;112;-20;0;;
SPE00120566;1987-12-02;88;2;117;;
SPE00120566;1987-12-03;140;82;15;;
SPE00120566;1987-12-04;128;70;16;;
SPE00120566;1987-12-05;112;60;3;;
SPE00120566;1987-12-06;110;68;1;;
SPE00120566;1987-12-07;126;56;0;;
SPE00120566;1987-12-08;112;40;30;;
SPE00120566;1987-12-09;124;68;16;;
SPE00120566;1987-12-10;134;80;21;;
SPE00120566;1987-12-11;134;104;271;;
SPE00120566;1987-12-12;138;90;43;;
SPE00120566;1987-12-13;154;100;5;;
SPE00120566;1987-12-14;140;96;5;;
SPE00120566;1987-12-15;182;104;0;;
SPE00120566;1987-12-16;184;114;0;;
SPE00120566;1987-12-17;148;94;0;;
SPE00120566;1987-12-18;164;94;0;;
SPE00120566;1987-12-19;178;68;0;;
SPE00120566;1987-12-20;162;60;0;;
SPE00120566;1987-12-21;144;42;0;;
SPE00120566;1987-12-22;88;34;0;;
SPE00120566;1987-12-23;100;78;0;;
SPE00120566;1987-12-24;99;69;0;;
SPE00120566;1987-12-25;92;36;0;;
SPE00120566;1987-12-26;98;36;0;;
SPE00120566;1987-12-27;108;0;0;;
SPE00120566;1987-12-28;72;8;0;;
SPE00120566;1987-12-29;38;-10;0;;
SPE00120566;1987-12-30;8;-20;0;;
SPE00120566;1987-12-31;64;0;85;;
SPE00120566;1988-01-01;112;20;0;;
SPE00120566;1988-01-02;132;24;0;;
SPE00120566;1988-01-03;141;75;0;;
SPE00120566;1988-01-04;130;30;0;;
SPE00120566;1988-01-05;134;26;11;;
SPE00120566;1988-01-06;132;34;3;;
SPE00120566;1988-01-07;104;14;0;;
SPE00120566;1988-01-08;122;-8;0;;
SPE00120566;1988-01-09;126;-4;0;;
SPE00120566;1988-01-10;104;-10;0;;
SPE00120566;1988-01-11;98;42;1;;
SPE00120566;1988-01-12;110;62;10;;
SPE00120566;1988-01-13;110;28;22;;
SPE00120566;1988-01-14;102;6;2;;
SPE00120566;1988-01-15;128;68;27;;
SPE00120566;1988-01-16;103;61;76;;
SPE00120566;1988-01-17;104;60;106;;
SPE00120566;1988-01-18;136;42;22;;
SPE00120566;1988-01-19;98;74;6;;
SPE00120566;1988-01-20;114;54;0;;
SPE00120566;1988-01-21;114;22;0;;
SPE00120566;1988-01-22;140;40;0;;
SPE00120566;1988-01-23;146;48;0;;
SPE00120566;1988-01-24;122;86;0;;
SPE00120566;1988-01-25;148;106;7;;
SPE00120566;1988-01-26;154;92;1;;
SPE00120566;1988-01-27;136;122;40;;
SPE00120566;1988-01-28;134;80;2;;
SPE00120566;1988-01-29;158;80;0;;
SPE00120566;1988-01-30;134;65;0;;
SPE00120566;1988-01-31;133;43;0;;
SPE00120566;1988-02-01;134;58;0;;
SPE00120566;1988-02-02;128;16;0;;
SPE00120566;1988-02-03;120;-14;0;;
SPE00120566;1988-02-04;124;74;3;;
SPE00120566;1988-02-05;151;91;0;;
SPE00120566;1988-02-06;118;24;26;;
SPE00120566;1988-02-07;112;24;0;;
SPE00120566;1988-02-08;148;24;0;;
SPE00120566;1988-02-09;154;66;0;;
SPE00120566;1988-02-10;136;34;0;;
SPE00120566;1988-02-11;122;-18;0;;
SPE00120566;1988-02-12;155;35;0;;
SPE00120566;1988-02-13;152;-18;0;;
SPE00120566;1988-02-14;186;6;0;;
SPE00120566;1988-02-15;152;70;0;;
SPE00120566;1988-02-16;84;62;163;;
SPE00120566;1988-02-17;92;60;8;;
SPE00120566;1988-02-18;142;36;0;;
SPE00120566;1988-02-19;146;-2;0;;
SPE00120566;1988-02-20;167;-5;0;;
SPE00120566;1988-02-21;160;66;13;;
SPE00120566;1988-02-22;148;64;0;;
SPE00120566;1988-02-23;166;48;0;;
SPE00120566;1988-02-24;142;56;0;;
SPE00120566;1988-02-25;96;12;0;;
SPE00120566;1988-02-26;91;-23;0;;
SPE00120566;1988-02-27;65;-45;0;;
SPE00120566;1988-02-28;84;-14;0;;
SPE00120566;1988-02-29;134;-26;0;;
SPE00120566;1988-03-01;118;-24;0;;
SPE00120566;1988-03-02;120;-24;0;;
SPE00120566;1988-03-03;134;20;1;;
SPE00120566;1988-03-04;135;40;23;;
SPE00120566;1988-03-05;93;5;0;;
SPE00120566;1988-03-06;142;46;0;;
SPE00120566;1988-03-07;166;4;0;;
SPE00120566;1988-03-08;184;16;0;;
SPE00120566;1988-03-09;172;-2;0;;
SPE00120566;1988-03-10;188;0;0;;
SPE00120566;1988-03-11;180;8;0;;
SPE00120566;1988-03-12;206;0;0;;
SPE00120566;1988-03-13;204;-10;0;;
SPE00120566;1988-03-14;190;88;0;;
SPE00120566;1988-03-15;182;50;0;;
SPE00120566;1988-03-16;192;64;0;;
SPE00120566;1988-03-17;202;70;0;;
SPE00120566;1988-03-18;228;60;0;;
SPE00120566;1988-03-19;224;54;0;;
SPE00120566;1988-03-20;242;76;0;;
SPE00120566;1988-03-21;180;80;10;;
SPE00120566;1988-03-22;166;58;0;;
SPE00120566;1988-03-23;212;60;0;;
SPE00120566;1988-03-24;224;70;0;;
SPE00120566;1988-03-25;260;92;0;;
SPE00120566;1988-03-26;243;93;0;;
SPE00120566;1988-03-27;214;80;0;;
SPE00120566;1988-03-28;230;50;0;;
SPE00120566;1988-03-29;192;74;0;;
SPE00120566;1988-03-30;142;52;0;;
SPE00120566;1988-03-31;178;70;0;;
SPE00120566;1988-04-01;190;42;0;;
SPE00120566;1988-04-02;191;59;92;;
SPE00120566;1988-04-03;81;41;58;;
SPE00120566;1988-04-04;96;32;30;;
SPE00120566;1988-04-05;130;36;11;;
SPE00120566;1988-04-06;156;68;17;;
SPE00120566;1988-04-07;162;68;0;;
SPE00120566;1988-04-08;142;82;0;;
SPE00120566;1988-04-09;169;53;0;;
SPE00120566;1988-04-10;194;68;2;;
SPE00120566;1988-04-11;182;100;120;;
SPE00120566;1988-04-12;182;100;0;;
SPE00120566;1988-04-13;194;130;0;;
SPE00120566;1988-04-14;240;128;0;;
SPE00120566;1988-04-15;250;114;22;;
SPE00120566;1988-04-16;231;147;13;;
SPE00120566;1988-04-17;196;118;1;;
SPE00120566;1988-04-18;232;130;23;;
SPE00120566;1988-04-19;194;116;1;;
SPE00120566;1988-04-20;212;74;0;;
SPE00120566;1988-04-21;221;99;0;;
SPE00120566;1988-04-22;186;92;4;;
SPE00120566;1988-04-23;180;60;0;;
SPE00120566;1988-04-24;182;82;0;;
SPE00120566;1988-04-25;130;66;70;;
SPE00120566;1988-04-26;126;68;89;;
SPE00120566;1988-04-27;190;70;0;;
SPE00120566;1988-04-28;197;55;0;;
SPE00120566;1988-04-29;193;95;0;;
SPE00120566;1988-04-30;209;65;0;;
SPE00120566;1988-05-01;157;87;45;;
SPE00120566;1988-05-02;149;77;12;;
SPE00120566;1988-05-03;176;70;16;;
SPE00120566;1988-05-04;162;98;50;;
SPE00120566;1988-05-05;152;106;88;;
SPE00120566;1988-05-06;186;108;235;;
SPE00120566;1988-05-07;200;100;0;;
SPE00120566;1988-05-08;212;134;1;;
SPE00120566;1988-05-09;228;116;0;;
SPE00120566;1988-05-10;196;124;7;;
SPE00120566;1988-05-11;202;118;325;;
SPE00120566;1988-05-12;179;99;4;;
SPE00120566;1988-05-13;188;84;0;;
SPE00120566;1988-05-14;202;120;0;;
SPE00120566;1988-05-15;218;94;0;;
SPE00120566;1988-05-16;201;115;42;;
SPE00120566;1988-05-17;208;112;0;;
SPE00120566;1988-05-18;206;92;0;;
SPE00120566;1988-05-19;224;98;0;;
SPE00120566;1988-05-20;250;100;0;;
SPE00120566;1988-05-21;272;140;0;;
SPE00120566;1988-05-22;260;136;0;;
SPE00120566;1988-05-23;256;138;0;;
SPE00120566;1988-05-24;264;114;56;;
SPE00120566;1988-05-25;229;129;0;;
SPE00120566;1988-05-26;233;123;0;;
SPE00120566;1988-05-27;222;100;0;;
SPE00120566;1988-05-28;240;114;0;;
SPE00120566;1988-05-29;242;138;0;;
SPE00120566;1988-05-30;252;122;0;;
SPE00120566;1988-05-31;280;114;0;;
SPE00120566;1988-06-01;292;136;0;;
SPE00120566;1988-06-02;328;148;0;;
SPE00120566;1988-06-03;317;175;9;;
SPE00120566;1988-06-04;288;140;0;;
SPE00120566;1988-06-05;259;93;0;;
SPE00120566;1988-06-06;256;92;0;;
SPE00120566;1988-06-07;259;85;25;;
SPE00120566;1988-06-08;200;126;64;;
SPE00120566;1988-06-09;188;122;0;;
SPE00120566;1988-06-10;222;114;0;;
SPE00120566;1988-06-11;202;114;32;;
SPE00120566;1988-06-12;215;123;61;;
SPE00120566;1988-06-13;197;125;59;;
SPE00120566;1988-06-14;206;108;9;;
SPE00120566;1988-06-15;228;118;0;;
SPE00120566;1988-06-16;201;121;3;;
SPE00120566;1988-06-17;214;124;272;;
SPE00120566;1988-06-18;256;110;0;;
SPE00120566;1988-06-19;287;135;0;;
SPE00120566;1988-06-20;287;163;2;;
SPE00120566;1988-06-21;301;161;0;;
SPE00120566;1988-06-22;244;148;19;;
SPE00120566;1988-06-23;244;148;184;;
SPE00120566;1988-06-24;259;129;1;;
SPE00120566;1988-06-25;273;153;0;;
SPE00120566;1988-06-26;204;148;123;;
SPE00120566;1988-06-27;238;148;0;;
SPE00120566;1988-06-28;234;140;1;;
SPE00120566;1988-06-29;229;145;47;;
SPE00120566;1988-06-30;182;150;119;;
SPE00120566;1988-07-01;225;135;0;;
SPE00120566;1988-07-02;255;135;0;;
SPE00120566;1988-07-03;240;150;10;;
SPE00120566;1988-07-04;202;128;16;;
SPE00120566;1988-07-05;220;100;1;;
SPE00120566;1988-07-06;248;110;0;;
SPE00120566;1988-07-07;267;127;0;;
SPE00120566;1988-07-08;289;139;0;;
SPE00120566;1988-07-09;328;152;0;;
SPE00120566;1988-07-10;348;164;0;;
SPE00120566;1988-07-11;356;200;0;;
SPE00120566;1988-07-12;364;192;0;;
SPE00120566;1988-07-13;347;203;0;;
SPE00120566;1988-07-14;332;188;0;;
SPE00120566;1988-07-15;323;167;0;;
SPE00120566;1988-07-16;328;154;0;;
SPE00120566;1988-07-17;346;150;0;;
SPE00120566;1988-07-18;372;214;0;;
SPE00120566;1988-07-19;276;192;0;;
SPE00120566;1988-07-20;316;148;0;;
SPE00120566;1988-07-21;343;181;0;;
SPE00120566;1988-07-22;368;198;0;;
SPE00120566;1988-07-23;350;216;0;;
SPE00120566;1988-07-24;337;191;0;;
SPE00120566;1988-07-25;361;203;0;;
SPE00120566;1988-07-26;382;216;0;;
SPE00120566;1988-07-27;377;219;0;;
SPE00120566;1988-07-28;388;226;0;;
SPE00120566;1988-07-29;351;203;0;;
SPE00120566;1988-07-30;342;174;0;;
SPE00120566;1988-07-31;363;203;0;;
SPE00120566;1988-08-01;402;194;0;;
SPE00120566;1988-08-02;404;230;0;;
SPE00120566;1988-08-03;304;174;0;;
SPE00120566;1988-08-04;319;143;0;;
SPE00120566;1988-08-05;360;150;0;;
SPE00120566;1988-08-06;332;210;0;;
SPE00120566;1988-08-07;322;184;0;;
SPE00120566;1988-08-08;359;177;0;;
SPE00120566;1988-08-09;372;174;0;;
SPE00120566;1988-08-10;338;192;0;;
SPE00120566;1988-08-11;342;186;0;;
SPE00120566;1988-08-12;348;172;0;;
SPE00120566;1988-08-13;363;177;0;;
SPE00120566;1988-08-14;364;188;0;;
SPE00120566;1988-08-15;356;214;0;;
SPE00120566;1988-08-16;339;183;0;;
SPE00120566;1988-08-17;346;194;0;;
SPE00120566;1988-08-18;360;186;0;;
SPE00120566;1988-08-19;364;204;0;;
SPE00120566;1988-08-20;329;199;0;;
SPE00120566;1988-08-21;310;124;0;;
SPE00120566;1988-08-22;298;126;0;;
SPE00120566;1988-08-23;309;155;0;;
SPE00120566;1988-08-24;331;145;0;;
SPE00120566;1988-08-25;354;194;0;;
SPE00120566;1988-08-26;365;183;0;;
SPE00120566;1988-08-27;374;196;0;;
SPE00120566;1988-08-28;330;208;0;;
SPE00120566;1988-08-29;289;153;0;;
SPE00120566;1988-08-30;318;124;0;;
SPE00120566;1988-08-31;301;149;0;;
SPE00120566;1988-09-01;281;159;0;;
SPE00120566;1988-09-02;270;154;0;;
SPE00120566;1988-09-03;318;132;0;;
SPE00120566;1988-09-04;349;133;0;;
SPE00120566;1988-09-05;376;190;0;;
SPE00120566;1988-09-06;392;214;0;;
SPE00120566;1988-09-07;403;183;0;;
SPE00120566;1988-09-08;403;191;0;;
SPE00120566;1988-09-09;371;225;0;;
SPE00120566;1988-09-10;345;185;0;;
SPE00120566;1988-09-11;328;184;0;;
SPE00120566;1988-09-12;340;192;0;;
SPE00120566;1988-09-13;339;183;0;;
SPE00120566;1988-09-14;234;122;0;;
SPE00120566;1988-09-15;219;69;0;;
SPE00120566;1988-09-16;218;74;0;;
SPE00120566;1988-09-17;232;74;0;;
SPE00120566;1988-09-18;241;87;0;;
SPE00120566;1988-09-19;269;113;0;;
SPE00120566;1988-09-20;286;130;0;;
SPE00120566;1988-09-21;297;107;0;;
SPE00120566;1988-09-22;283;137;0;;
SPE00120566;1988-09-23;282;116;0;;
SPE00120566;1988-09-24;294;92;0;;
SPE00120566;1988-09-25;312;124;0;;
SPE00120566;1988-09-26;319;111;0;;
SPE00120566;1988-09-27;331;119;0;;
SPE00120566;1988-09-28;327;129;0;;
SPE00120566;1988-09-29;312;126;0;;
SPE00120566;1988-09-30;235;123;0;;
SPE00120566;1988-10-01;198;112;0;;
SPE00120566;1988-10-02;246;112;0;;
SPE00120566;1988-10-03;294;140;0;;
SPE00120566;1988-10-04;299;127;0;;
SPE00120566;1988-10-05;289;139;0;;
SPE00120566;1988-10-06;281;99;0;;
SPE00120566;1988-10-07;285;107;0;;
SPE00120566;1988-10-08;299;125;0;;
SPE00120566;1988-10-09;290;136;0;;
SPE00120566;1988-10-10;252;142;1;;
SPE00120566;1988-10-11;192;112;37;;
SPE00120566;1988-10-12;171;75;0;;
SPE00120566;1988-10-13;196;70;2;;
SPE00120566;1988-10-14;148;114;75;;
SPE00120566;1988-10-15;200;120;0;;
SPE00120566;1988-10-16;150;118;230;;
SPE00120566;1988-10-17;202;92;67;;
SPE00120566;1988-10-18;151;121;34;;
SPE00120566;1988-10-19;179;97;0;;
SPE00120566;1988-10-20;184;60;0;;
SPE00120566;1988-10-21;207;59;0;;
SPE00120566;1988-10-22;214;62;0;;
SPE00120566;1988-10-23;217;109;0;;
SPE00120566;1988-10-24;214;80;0;;
SPE00120566;1988-10-25;238;72;0;;
SPE00120566;1988-10-26;283;83;0;;
SPE00120566;1988-10-27;211;129;0;;
SPE00120566;1988-10-28;231;117;0;;
SPE00120566;1988-10-29;211;115;0;;
SPE00120566;1988-10-30;170;112;103;;
SPE00120566;1988-10-31;201;97;0;;
SPE00120566;1988-11-01;198;70;0;;
SPE00120566;1988-11-02;175;133;18;;
SPE00120566;1988-11-03;194;110;0;;
SPE00120566;1988-11-04;203;123;0;;
SPE00120566;1988-11-05;185;115;4;;
SPE00120566;1988-11-06;178;120;0;;
SPE00120566;1988-11-07;175;119;45;;
SPE00120566;1988-11-08;161;127;29;;
SPE00120566;1988-11-09;188;98;0;;
SPE00120566;1988-11-10;189;77;2;;
SPE00120566;1988-11-11;166;128;104;;
SPE00120566;1988-11-12;151;117;6;;
SPE00120566;1988-11-13;190;102;0;;
SPE00120566;1988-11-14;190;98;0;;
SPE00120566;1988-11-15;195;55;0;;
SPE00120566;1988-11-16;177;49;0;;
SPE00120566;1988-11-17;171;71;0;;
SPE00120566;1988-11-18;144;56;0;;
SPE00120566;1988-11-19;154;26;0;;
SPE00120566;1988-11-20;139;7;17;;
SPE00120566;1988-11-21;98;36;7;;
SPE00120566;1988-11-22;77;-19;0;;
SPE00120566;1988-11-23;98;-34;0;;
SPE00120566;1988-11-24;112;-38;0;;
SPE00120566;1988-11-25;84;-12;53;;
SPE00120566;1988-11-26;92;62;2;;
SPE00120566;1988-11-27;137;35;0;;
SPE00120566;1988-11-28;135;-5;0;;
SPE00120566;1988-11-29;132;-20;0;;
SPE00120566;1988-11-30;107;11;118;;
SPE00120566;1988-12-01;122;64;3;;
SPE00120566;1988-12-02;129;55;0;;
SPE00120566;1988-12-03;146;60;0;;
SPE00120566;1988-12-04;134;36;0;;
SPE00120566;1988-12-05;70;6;0;;
SPE00120566;1988-12-06;129;-5;0;;
SPE00120566;1988-12-07;104;-2;0;;
SPE00120566;1988-12-08;114;-20;0;;
SPE00120566;1988-12-09;111;-17;0;;
SPE00120566;1988-12-10;122;-20;0;;
SPE00120566;1988-12-11;146;-4;0;;
SPE00120566;1988-12-12;144;-2;0;;
SPE00120566;1988-12-13;137;-9;0;;
SPE00120566;1988-12-14;92;-10;0;;
SPE00120566;1988-12-15;106;-44;0;;
SPE00120566;1988-12-16;119;-35;0;;
SPE00120566;1988-12-17;92;-40;0;;
SPE00120566;1988-12-18;110;-12;0;;
SPE00120566;1988-12-19;119;-33;0;;
SPE00120566;1988-12-20;155;-9;0;;
SPE00120566;1988-12-21;147;22;0;;
SPE00120566;1988-12-22;139;-13;0;;
SPE00120566;1988-12-23;128;-30;0;;
SPE00120566;1988-12-24;119;-37;0;;
SPE00120566;1988-12-25;124;-18;0;;
SPE00120566;1988-12-26;122;-20;0;;
SPE00120566;1988-12-27;85;-11;0;;
SPE00120566;1988-12-28;114;-12;0;;
SPE00120566;1988-12-29;115;-13;0;;
SPE00120566;1988-12-30;129;-15;0;;
SPE00120566;1988-12-31;126;-38;0;;
SPE00120566;1989-01-01;134;-40;0;;
SPE00120566;1989-01-02;118;-46;0;;
SPE00120566;1989-01-03;88;-58;0;;
SPE00120566;1989-01-04;81;-41;0;;
SPE00120566;1989-01-05;109;-29;0;;
SPE00120566;1989-01-06;80;6;54;;
SPE00120566;1989-01-07;107;45;3;;
SPE00120566;1989-01-08;131;5;0;;
SPE00120566;1989-01-09;103;-9;0;;
SPE00120566;1989-01-10;112;8;8;;
SPE00120566;1989-01-11;115;47;0;;
SPE00120566;1989-01-12;149;9;0;;
SPE00120566;1989-01-13;140;4;0;;
SPE00120566;1989-01-14;154;0;0;;
SPE00120566;1989-01-15;125;5;0;;
SPE00120566;1989-01-16;126;-4;0;;
SPE00120566;1989-01-17;105;9;0;;
SPE00120566;1989-01-18;125;37;0;;
SPE00120566;1989-01-19;113;5;0;;
SPE00120566;1989-01-20;130;0;0;;
SPE00120566;1989-01-21;124;0;0;;
SPE00120566;1989-01-22;130;-12;0;;
SPE00120566;1989-01-23;125;-13;0;;
SPE00120566;1989-01-24;115;-29;0;;
SPE00120566;1989-01-25;111;-31;0;;
SPE00120566;1989-01-26;130;24;0;;
SPE00120566;1989-01-27;125;-13;0;;
SPE00120566;1989-01-28;118;-20;0;;
SPE00120566;1989-01-29;120;-20;0;;
SPE00120566;1989-01-30;135;-7;0;;
SPE00120566;1989-01-31;119;-7;0;;
SPE00120566;1989-02-01;135;27;0;;
SPE00120566;1989-02-02;129;3;0;;
SPE00120566;1989-02-03;112;-2;0;;
SPE00120566;1989-02-04;135;-17;0;;
SPE00120566;1989-02-05;122;-18;0;;
SPE00120566;1989-02-06;137;-33;0;;
SPE00120566;1989-02-07;111;10;0;;
SPE00120566;1989-02-08;133;65;36;;
SPE00120566;1989-02-09;102;36;4;;
SPE00120566;1989-02-10;127;49;0;;
SPE00120566;1989-02-11;119;49;0;;
SPE00120566;1989-02-12;140;16;0;;
SPE00120566;1989-02-13;154;-14;0;;
SPE00120566;1989-02-14;180;24;0;;
SPE00120566;1989-02-15;183;-1;0;;
SPE00120566;1989-02-16;192;-8;0;;
SPE00120566;1989-02-17;191;-15;0;;
SPE00120566;1989-02-18;200;-6;0;;
SPE00120566;1989-02-19;184;-4;0;;
SPE00120566;1989-02-20;155;47;0;;
SPE00120566;1989-02-21;158;88;0;;
SPE00120566;1989-02-22;173;69;14;;
SPE00120566;1989-02-23;100;54;20;;
SPE00120566;1989-02-24;99;32;26;;
SPE00120566;1989-02-25;165;79;8;;
SPE00120566;1989-02-26;129;57;0;;
SPE00120566;1989-02-27;120;44;0;;
SPE00120566;1989-02-28;168;90;0;;
SPE00120566;1989-03-01;180;96;0;;
SPE00120566;1989-03-02;156;60;0;;
SPE00120566;1989-03-03;183;85;0;;
SPE00120566;1989-03-04;207;37;0;;
SPE00120566;1989-03-05;223;57;0;;
SPE00120566;1989-03-06;199;53;0;;
SPE00120566;1989-03-07;188;84;0;;
SPE00120566;1989-03-08;191;87;0;;
SPE00120566;1989-03-09;223;29;0;;
SPE00120566;1989-03-10;238;40;0;;
SPE00120566;1989-03-11;244;62;0;;
SPE00120566;1989-03-12;250;72;0;;
SPE00120566;1989-03-13;206;70;0;;
SPE00120566;1989-03-14;180;34;0;;
SPE00120566;1989-03-15;207;29;0;;
SPE00120566;1989-03-16;179;61;23;;
SPE00120566;1989-03-17;147;53;0;;
SPE00120566;1989-03-18;116;30;0;;
SPE00120566;1989-03-19;148;34;0;;
SPE00120566;1989-03-20;176;32;0;;
SPE00120566;1989-03-21;194;78;0;;
SPE00120566;1989-03-22;225;40;0;;
SPE00120566;1989-03-23;234;42;0;;
SPE00120566;1989-03-24;231;36;0;;
SPE00120566;1989-03-25;257;51;0;;
SPE00120566;1989-03-26;249;75;0;;
SPE00120566;1989-03-27;236;120;31;;
SPE00120566;1989-03-28;120;44;66;;
SPE00120566;1989-03-29;176;56;9;;
SPE00120566;1989-03-30;169;78;0;;
SPE00120566;1989-03-31;170;70;0;;
SPE00120566;1989-04-01;199;99;0;;
SPE00120566;1989-04-02;167;79;1;;
SPE00120566;1989-04-03;111;19;77;;
SPE00120566;1989-04-04;98;26;23;;
SPE00120566;1989-04-05;113;23;1;;
SPE00120566;1989-04-06;145;77;21;;
SPE00120566;1989-04-07;158;72;79;;
SPE00120566;1989-04-08;180;72;30;;
SPE00120566;1989-04-09;160;76;115;;
SPE00120566;1989-04-10;159;65;0;;
SPE00120566;1989-04-11;181;77;0;;
SPE00120566;1989-04-12;144;80;0;;
SPE00120566;1989-04-13;181;77;0;;
SPE00120566;1989-04-14;146;71;0;;
SPE00120566;1989-04-15;174;90;0;;
SPE00120566;1989-04-16;152;42;0;;
SPE00120566;1989-04-17;164;10;0;;
SPE00120566;1989-04-18;199;23;0;;
SPE00120566;1989-04-19;190;58;24;;
SPE00120566;1989-04-20;170;86;0;;
SPE00120566;1989-04-21;211;65;0;;
SPE00120566;1989-04-22;215;91;3;;
SPE00120566;1989-04-23;200;100;0;;
SPE00120566;1989-04-24;138;96;19;;
SPE00120566;1989-04-25;168;74;206;;
SPE00120566;1989-04-26;126;46;0;;
SPE00120566;1989-04-27;155;21;0;;
SPE00120566;1989-04-28;210;88;0;;
SPE00120566;1989-04-29;225;45;0;;
SPE00120566;1989-04-30;200;50;0;;
SPE00120566;1989-05-01;236;54;0;;
SPE00120566;1989-05-02;249;73;0;;
SPE00120566;1989-05-03;264;72;0;;
SPE00120566;1989-05-04;256;110;0;;
SPE00120566;1989-05-05;264;104;0;;
SPE00120566;1989-05-06;289;97;0;;
SPE00120566;1989-05-07;301;115;0;;
SPE00120566;1989-05-08;284;144;0;;
SPE00120566;1989-05-09;252;144;0;;
SPE00120566;1989-05-10;266;128;0;;
SPE00120566;1989-05-11;261;127;0;;
SPE00120566;1989-05-12;239;129;23;;
SPE00120566;1989-05-13;236;124;0;;
SPE00120566;1989-05-14;261;95;0;;
SPE00120566;1989-05-15;288;106;0;;
SPE00120566;1989-05-16;302;110;0;;
SPE00120566;1989-05-17;305;121;0;;
SPE00120566;1989-05-18;301;147;0;;
SPE00120566;1989-05-19;291;141;0;;
SPE00120566;1989-05-20;310;154;0;;
SPE00120566;1989-05-21;264;150;8;;
SPE00120566;1989-05-22;234;120;41;;
SPE00120566;1989-05-23;173;117;65;;
SPE00120566;1989-05-24;184;128;0;;
SPE00120566;1989-05-25;232;94;0;;
SPE00120566;1989-05-26;234;112;118;;
SPE00120566;1989-05-27;235;131;258;;
SPE00120566;1989-05-28;230;126;0;;
SPE00120566;1989-05-29;226;140;3;;
SPE00120566;1989-05-30;226;134;1;;
SPE00120566;1989-05-31;214;126;19;;
SPE00120566;1989-06-01;227;127;0;;
SPE00120566;1989-06-02;220;120;0;;
SPE00120566;1989-06-03;236;100;0;;
SPE00120566;1989-06-04;235;93;0;;
SPE00120566;1989-06-05;252;120;0;;
SPE00120566;1989-06-06;260;104;0;;
SPE00120566;1989-06-07;273;119;0;;
SPE00120566;1989-06-08;262;115;0;;
SPE00120566;1989-06-09;264;130;0;;
SPE00120566;1989-06-10;285;130;0;;
SPE00120566;1989-06-11;325;133;0;;
SPE00120566;1989-06-12;345;169;0;;
SPE00120566;1989-06-13;355;197;0;;
SPE00120566;1989-06-14;338;194;10;;
SPE00120566;1989-06-15;310;170;0;;
SPE00120566;1989-06-16;331;179;0;;
SPE00120566;1989-06-17;348;188;0;;
SPE00120566;1989-06-18;308;185;16;;
SPE00120566;1989-06-19;311;161;0;;
SPE00120566;1989-06-20;303;159;0;;
SPE00120566;1989-06-21;330;160;0;;
SPE00120566;1989-06-22;350;175;0;;
SPE00120566;1989-06-23;365;186;6;;
SPE00120566;1989-06-24;356;171;0;;
SPE00120566;1989-06-25;349;185;0;;
SPE00120566;1989-06-26;342;180;0;;
SPE00120566;1989-06-27;320;166;0;;
SPE00120566;1989-06-28;338;176;0;;
SPE00120566;1989-06-29;352;173;0;;
SPE00120566;1989-06-30;382;180;0;;
SPE00120566;1989-07-01;352;230;0;;
SPE00120566;1989-07-02;365;207;0;;
SPE00120566;1989-07-03;384;198;0;;
SPE00120566;1989-07-04;308;170;0;;
SPE00120566;1989-07-05;324;200;0;;
SPE00120566;1989-07-06;315;205;0;;
SPE00120566;1989-07-07;325;175;0;;
SPE00120566;1989-07-08;345;186;0;;
SPE00120566;1989-07-09;351;179;0;;
SPE00120566;1989-07-10;349;189;0;;
SPE00120566;1989-07-11;352;204;0;;
SPE00120566;1989-07-12;332;180;0;;
SPE00120566;1989-07-13;367;190;0;;
SPE00120566;1989-07-14;385;189;0;;
SPE00120566;1989-07-15;377;175;0;;
SPE00120566;1989-07-16;388;204;0;;
SPE00120566;1989-07-17;390;194;0;;
SPE00120566;1989-07-18;392;210;0;;
SPE00120566;1989-07-19;410;231;0;;
SPE00120566;1989-07-20;405;244;0;;
SPE00120566;1989-07-21;391;217;34;;
SPE00120566;1989-07-22;354;214;0;;
SPE00120566;1989-07-23;325;190;0;;
SPE00120566;1989-07-24;342;198;0;;
SPE00120566;1989-07-25;354;192;0;;
SPE00120566;1989-07-26;367;201;0;;
SPE00120566;1989-07-27;379;207;0;;
SPE00120566;1989-07-28;393;204;0;;
SPE00120566;1989-07-29;379;209;87;;
SPE00120566;1989-07-30;382;174;0;;
SPE00120566;1989-07-31;397;195;0;;
SPE00120566;1989-08-01;408;233;0;;
SPE00120566;1989-08-02;397;208;11;;
SPE00120566;1989-08-03;302;189;0;;
SPE00120566;1989-08-04;312;174;0;;
SPE00120566;1989-08-05;296;186;0;;
SPE00120566;1989-08-06;336;192;0;;
SPE00120566;1989-08-07;339;197;0;;
SPE00120566;1989-08-08;346;200;0;;
SPE00120566;1989-08-09;368;209;89;;
SPE00120566;1989-08-10;349;187;0;;
SPE00120566;1989-08-11;360;186;0;;
SPE00120566;1989-08-12;366;207;0;;
SPE00120566;1989-08-13;360;224;0;;
SPE00120566;1989-08-14;340;194;0;;
SPE00120566;1989-08-15;352;186;0;;
SPE00120566;1989-08-16;322;198;0;;
SPE00120566;1989-08-17;347;181;0;;
SPE00120566;1989-08-18;366;211;0;;
SPE00120566;1989-08-19;355;206;0;;
SPE00120566;1989-08-20;360;186;0;;
SPE00120566;1989-08-21;367;209;0;;
SPE00120566;1989-08-22;377;184;0;;
SPE00120566;1989-08-23;373;217;0;;
SPE00120566;1989-08-24;360;242;0;;
SPE00120566;1989-08-25;358;224;0;;
SPE00120566;1989-08-26;365;191;0;;
SPE00120566;1989-08-27;345;199;0;;
SPE00120566;1989-08-28;308;200;0;;
SPE00120566;1989-08-29;326;200;0;;
SPE00120566;1989-08-30;272;202;0;;
SPE00120566;1989-08-31;300;156;0;;
SPE00120566;1989-09-01;292;146;0;;
SPE00120566;1989-09-02;300;145;0;;
SPE00120566;1989-09-03;288;170;0;;
SPE00120566;1989-09-04;295;152;21;;
SPE00120566;1989-09-05;195;149;1;;
SPE00120566;1989-09-06;228;142;51;;
SPE00120566;1989-09-07;200;159;166;;
SPE00120566;1989-09-08;226;149;22;;
SPE00120566;1989-09-09;248;156;0;;
SPE00120566;1989-09-10;230;140;12;;
SPE00120566;1989-09-11;255;128;0;;
SPE00120566;1989-09-12;267;116;0;;
SPE00120566;1989-09-13;289;145;0;;
SPE00120566;1989-09-14;312;132;0;;
SPE00120566;1989-09-15;327;150;0;;
SPE00120566;1989-09-16;319;166;0;;
SPE00120566;1989-09-17;266;163;0;;
SPE00120566;1989-09-18;274;151;0;;
SPE00120566;1989-09-19;272;157;0;;
SPE00120566;1989-09-20;290;142;0;;
SPE00120566;1989-09-21;293;151;0;;
SPE00120566;1989-09-22;279;172;0;;
SPE00120566;1989-09-23;280;122;0;;
SPE00120566;1989-09-24;301;155;0;;
SPE00120566;1989-09-25;303;175;0;;
SPE00120566;1989-09-26;313;143;0;;
SPE00120566;1989-09-27;303;145;0;;
SPE00120566;1989-09-28;300;122;0;;
SPE00120566;1989-09-29;240;124;0;;
SPE00120566;1989-09-30;256;115;0;;
SPE00120566;1989-10-01;259;128;0;;
SPE00120566;1989-10-02;273;115;0;;
SPE00120566;1989-10-03;289;92;0;;
SPE00120566;1989-10-04;299;97;0;;
SPE00120566;1989-10-05;278;152;0;;
SPE00120566;1989-10-06;274;139;0;;
SPE00120566;1989-10-07;300;130;0;;
SPE00120566;1989-10-08;270;130;0;;
SPE00120566;1989-10-09;238;86;0;;
SPE00120566;1989-10-10;228;70;0;;
SPE00120566;1989-10-11;207;71;0;;
SPE00120566;1989-10-12;229;103;0;;
SPE00120566;1989-10-13;243;110;0;;
SPE00120566;1989-10-14;227;130;0;;
SPE00120566;1989-10-15;224;112;45;;
SPE00120566;1989-10-16;204;136;27;;
SPE00120566;1989-10-17;185;135;37;;
SPE00120566;1989-10-18;186;128;27;;
SPE00120566;1989-10-19;199;125;0;;
SPE00120566;1989-10-20;216;94;0;;
SPE00120566;1989-10-21;251;65;0;;
SPE00120566;1989-10-22;280;96;0;;
SPE00120566;1989-10-23;216;146;0;;
SPE00120566;1989-10-24;231;117;0;;
SPE00120566;1989-10-25;222;98;0;;
SPE00120566;1989-10-26;212;102;0;;
SPE00120566;1989-10-27;214;138;3;;
SPE00120566;1989-10-28;186;124;0;;
SPE00120566;1989-10-29;235;97;0;;
SPE00120566;1989-10-30;245;78;0;;
SPE00120566;1989-10-31;261;65;0;;
SPE00120566;1989-11-01;256;60;0;;
SPE00120566;1989-11-02;210;127;6;;
SPE00120566;1989-11-03;166;82;0;;
SPE00120566;1989-11-04;171;24;0;;
SPE00120566;1989-11-05;160;86;0;;
SPE00120566;1989-11-06;165;62;0;;
SPE00120566;1989-11-07;209;85;0;;
SPE00120566;1989-11-08;193;73;0;;
SPE00120566;1989-11-09;196;73;0;;
SPE00120566;1989-11-10;194;72;0;;
SPE00120566;1989-11-11;216;118;0;;
SPE00120566;1989-11-12;216;130;0;;
SPE00120566;1989-11-13;182;130;0;;
SPE00120566;1989-11-14;160;109;83;;
SPE00120566;1989-11-15;195;111;61;;
SPE00120566;1989-11-16;160;98;0;;
SPE00120566;1989-11-17;153;105;24;;
SPE00120566;1989-11-18;137;76;6;;
SPE00120566;1989-11-19;148;112;72;;
SPE00120566;1989-11-20;160;106;36;;
SPE00120566;1989-11-21;116;89;103;;
SPE00120566;1989-11-22;136;84;110;;
SPE00120566;1989-11-23;144;84;26;;
SPE00120566;1989-11-24;151;73;1;;
SPE00120566;1989-11-25;140;65;29;;
SPE00120566;1989-11-26;115;101;121;;
SPE00120566;1989-11-27;153;102;81;;
SPE00120566;1989-11-28;153;96;0;;
SPE00120566;1989-11-29;152;80;5;;
SPE00120566;1989-11-30;153;117;8;;
SPE00120566;1989-12-01;142;110;1;;
SPE00120566;1989-12-02;137;86;0;;
SPE00120566;1989-12-03;105;47;81;;
SPE00120566;1989-12-04;113;73;15;;
SPE00120566;1989-12-05;113;85;76;;
SPE00120566;1989-12-06;130;81;45;;
SPE00120566;1989-12-07;163;103;3;;
SPE00120566;1989-12-08;153;98;20;;
SPE00120566;1989-12-09;148;110;8;;
SPE00120566;1989-12-10;157;91;0;;
SPE00120566;1989-12-11;120;48;0;;
SPE00120566;1989-12-12;114;58;47;;
SPE00120566;1989-12-13;165;104;151;;
SPE00120566;1989-12-14;171;137;18;;
SPE00120566;1989-12-15;171;119;9;;
SPE00120566;1989-12-16;177;130;38;;
SPE00120566;1989-12-17;182;99;67;;
SPE00120566;1989-12-18;143;78;16;;
SPE00120566;1989-12-19;145;63;0;;
SPE00120566;1989-12-20;151;91;0;;
SPE00120566;1989-12-21;172;84;62;;
SPE00120566;1989-12-22;131;57;9;;
SPE00120566;1989-12-23;123;37;0;;
SPE00120566;1989-12-24;105;12;0;;
SPE00120566;1989-12-25;78;33;252;;
SPE00120566;1989-12-26;93;61;7;;
SPE00120566;1989-12-27;131;56;3;;
SPE00120566;1989-12-28;131;52;0;;
SPE00120566;1989-12-29;121;77;1;;
SPE00120566;1989-12-30;132;88;10;;
SPE00120566;1989-12-31;129;70;0;;
SPE00120566;1990-01-01;107;72;4;;
SPE00120566;1990-01-02;89;45;26;;
SPE00120566;1990-01-03;106;66;5;;
SPE00120566;1990-01-04;120;18;0;;
SPE00120566;1990-01-05;107;9;0;;
SPE00120566;1990-01-06;80;2;0;;
SPE00120566;1990-01-07;108;36;8;;
SPE00120566;1990-01-08;129;13;0;;
SPE00120566;1990-01-09;110;17;0;;
SPE00120566;1990-01-10;93;3;0;;
SPE00120566;1990-01-11;97;-10;0;;
SPE00120566;1990-01-12;122;-6;0;;
SPE00120566;1990-01-13;124;6;0;;
SPE00120566;1990-01-14;95;-20;0;;
SPE00120566;1990-01-15;124;-2;0;;
SPE00120566;1990-01-16;124;-12;0;;
SPE00120566;1990-01-17;70;-20;0;;
SPE00120566;1990-01-18;70;-20;0;;
SPE00120566;1990-01-19;101;-17;0;;
SPE00120566;1990-01-20;112;-31;0;;
SPE00120566;1990-01-21;126;-26;0;;
SPE00120566;1990-01-22;120;-36;0;;
SPE00120566;1990-01-23;122;-36;0;;
SPE00120566;1990-01-24;125;51;0;;
SPE00120566;1990-01-25;145;91;3;;
SPE00120566;1990-01-26;143;87;1;;
SPE00120566;1990-01-27;134;78;92;;
SPE00120566;1990-01-28;95;30;25;;
SPE00120566;1990-01-29;105;6;35;;
SPE00120566;1990-01-30;130;60;0;;
SPE00120566;1990-01-31;132;20;32;;
SPE00120566;1990-02-01;118;7;0;;
SPE00120566;1990-02-02;145;60;0;;
SPE00120566;1990-02-03;153;15;0;;
SPE00120566;1990-02-04;132;38;0;;
SPE00120566;1990-02-05;160;48;0;;
SPE00120566;1990-02-06;139;75;3;;
SPE00120566;1990-02-07;155;73;0;;
SPE00120566;1990-02-08;160;32;0;;
SPE00120566;1990-02-09;190;26;0;;
SPE00120566;1990-02-10;154;55;0;;
SPE00120566;1990-02-11;136;55;0;;
SPE00120566;1990-02-12;144;78;0;;
SPE00120566;1990-02-13;177;78;0;;
SPE00120566;1990-02-14;178;52;0;;
SPE00120566;1990-02-15;173;19;0;;
SPE00120566;1990-02-16;176;15;0;;
SPE00120566;1990-02-17;194;24;0;;
SPE00120566;1990-02-18;168;14;0;;
SPE00120566;1990-02-19;180;64;0;;
SPE00120566;1990-02-20;188;39;0;;
SPE00120566;1990-02-21;191;79;0;;
SPE00120566;1990-02-22;195;74;0;;
SPE00120566;1990-02-23;217;49;0;;
SPE00120566;1990-02-24;222;31;0;;
SPE00120566;1990-02-25;191;39;0;;
SPE00120566;1990-02-26;179;35;0;;
SPE00120566;1990-02-27;215;65;0;;
SPE00120566;1990-02-28;215;39;0;;
SPE00120566;1990-03-01;164;71;0;;
SPE00120566;1990-03-02;135;41;0;;
SPE00120566;1990-03-03;92;-5;4;;
SPE00120566;1990-03-04;100;38;1;;
SPE00120566;1990-03-05;131;37;0;;
SPE00120566;1990-03-06;173;19;0;;
SPE00120566;1990-03-07;188;30;6;;
SPE00120566;1990-03-08;168;82;0;;
SPE00120566;1990-03-09;194;30;0;;
SPE00120566;1990-03-10;170;35;0;;
SPE00120566;1990-03-11;203;95;22;;
SPE00120566;1990-03-12;205;95;0;;
SPE00120566;1990-03-13;201;99;0;;
SPE00120566;1990-03-14;204;80;0;;
SPE00120566;1990-03-15;213;47;0;;
SPE00120566;1990-03-16;212;72;0;;
SPE00120566;1990-03-17;194;65;0;;
SPE00120566;1990-03-18;194;73;0;;
SPE00120566;1990-03-19;210;60;0;;
SPE00120566;1990-03-20;224;54;0;;
SPE00120566;1990-03-21;271;75;0;;
SPE00120566;1990-03-22;256;76;0;;
SPE00120566;1990-03-23;196;105;20;;
SPE00120566;1990-03-24;185;89;0;;
SPE00120566;1990-03-25;178;78;0;;
SPE00120566;1990-03-26;150;8;0;;
SPE00120566;1990-03-27;144;1;0;;
SPE00120566;1990-03-28;158;6;0;;
SPE00120566;1990-03-29;164;16;0;;
SPE00120566;1990-03-30;123;19;28;;
SPE00120566;1990-03-31;130;72;38;;
SPE00120566;1990-04-01;180;90;56;;
SPE00120566;1990-04-02;142;76;0;;
SPE00120566;1990-04-03;158;75;0;;
SPE00120566;1990-04-04;176;45;13;;
SPE00120566;1990-04-05;146;84;85;;
SPE00120566;1990-04-06;155;76;15;;
SPE00120566;1990-04-07;163;54;28;;
SPE00120566;1990-04-08;145;65;37;;
SPE00120566;1990-04-09;132;30;32;;
SPE00120566;1990-04-10;125;0;0;;
SPE00120566;1990-04-11;182;32;0;;
SPE00120566;1990-04-12;214;56;0;;
SPE00120566;1990-04-13;195;75;8;;
SPE00120566;1990-04-14;183;71;0;;
SPE00120566;1990-04-15;214;66;0;;
SPE00120566;1990-04-16;203;59;0;;
SPE00120566;1990-04-17;205;65;0;;
SPE00120566;1990-04-18;171;20;0;;
SPE00120566;1990-04-19;205;65;0;;
SPE00120566;1990-04-20;170;52;1;;
SPE00120566;1990-04-21;144;19;0;;
SPE00120566;1990-04-22;150;35;0;;
SPE00120566;1990-04-23;172;38;12;;
SPE00120566;1990-04-24;183;43;6;;
SPE00120566;1990-04-25;167;73;12;;
SPE00120566;1990-04-26;162;74;31;;
SPE00120566;1990-04-27;215;49;0;;
SPE00120566;1990-04-28;198;101;0;;
SPE00120566;1990-04-29;170;96;19;;
SPE00120566;1990-04-30;170;97;3;;
SPE00120566;1990-05-01;170;107;14;;
SPE00120566;1990-05-02;172;96;1;;
SPE00120566;1990-05-03;211;65;0;;
SPE00120566;1990-05-04;232;60;0;;
SPE00120566;1990-05-05;236;83;0;;
SPE00120566;1990-05-06;248;90;0;;
SPE00120566;1990-05-07;260;86;0;;
SPE00120566;1990-05-08;271;109;0;;
SPE00120566;1990-05-09;243;105;0;;
SPE00120566;1990-05-10;194;109;0;;
SPE00120566;1990-05-11;248;100;6;;
SPE00120566;1990-05-12;185;115;42;;
SPE00120566;1990-05-13;218;104;0;;
SPE00120566;1990-05-14;268;94;0;;
SPE00120566;1990-05-15;280;118;0;;
SPE00120566;1990-05-16;314;124;0;;
SPE00120566;1990-05-17;272;145;0;;
SPE00120566;1990-05-18;258;140;0;;
SPE00120566;1990-05-19;275;138;0;;
SPE00120566;1990-05-20;258;129;0;;
SPE00120566;1990-05-21;258;128;0;;
SPE00120566;1990-05-22;251;134;0;;
SPE00120566;1990-05-23;215;109;38;;
SPE00120566;1990-05-24;248;90;0;;
SPE00120566;1990-05-25;277;105;0;;
SPE00120566;1990-05-26;293;137;0;;
SPE00120566;1990-05-27;284;168;0;;
SPE00120566;1990-05-28;282;112;0;;
SPE00120566;1990-05-29;302;109;0;;
SPE00120566;1990-05-30;314;116;0;;
SPE00120566;1990-05-31;322;153;0;;
SPE00120566;1990-06-01;317;150;0;;
SPE00120566;1990-06-02;342;166;0;;
SPE00120566;1990-06-03;315;187;0;;
SPE00120566;1990-06-04;314;180;0;;
SPE00120566;1990-06-05;274;168;0;;
SPE00120566;1990-06-06;283;121;0;;
SPE00120566;1990-06-07;327;155;0;;
SPE00120566;1990-06-08;333;181;0;;
SPE00120566;1990-06-09;341;159;0;;
SPE00120566;1990-06-10;331;165;0;;
SPE00120566;1990-06-11;276;164;0;;
SPE00120566;1990-06-12;309;134;0;;
SPE00120566;1990-06-13;313;167;0;;
SPE00120566;1990-06-14;273;174;0;;
SPE00120566;1990-06-15;322;154;0;;
SPE00120566;1990-06-16;300;185;0;;
SPE00120566;1990-06-17;282;150;0;;
SPE00120566;1990-06-18;310;139;0;;
SPE00120566;1990-06-19;303;173;0;;
SPE00120566;1990-06-20;281;155;0;;
SPE00120566;1990-06-21;285;150;0;;
SPE00120566;1990-06-22;303;167;0;;
SPE00120566;1990-06-23;348;174;0;;
SPE00120566;1990-06-24;375;200;0;;
SPE00120566;1990-06-25;371;201;0;;
SPE00120566;1990-06-26;353;210;0;;
SPE00120566;1990-06-27;346;225;0;;
SPE00120566;1990-06-28;349;190;0;;
SPE00120566;1990-06-29;334;186;0;;
SPE00120566;1990-06-30;322;187;0;;
SPE00120566;1990-07-01;335;174;0;;
SPE00120566;1990-07-02;338;164;0;;
SPE00120566;1990-07-03;328;185;0;;
SPE00120566;1990-07-04;351;168;0;;
SPE00120566;1990-07-05;363;210;0;;
SPE00120566;1990-07-06;336;175;0;;
SPE00120566;1990-07-07;344;190;0;;
SPE00120566;1990-07-08;365;205;0;;
SPE00120566;1990-07-09;390;200;0;;
SPE00120566;1990-07-10;395;215;0;;
SPE00120566;1990-07-11;390;191;0;;
SPE00120566;1990-07-12;378;204;0;;
SPE00120566;1990-07-13;368;210;0;;
SPE00120566;1990-07-14;325;199;0;;
SPE00120566;1990-07-15;341;172;0;;
SPE00120566;1990-07-16;354;190;0;;
SPE00120566;1990-07-17;363;217;0;;
SPE00120566;1990-07-18;379;206;0;;
SPE00120566;1990-07-19;398;202;0;;
SPE00120566;1990-07-20;403;219;0;;
SPE00120566;1990-07-21;413;233;0;;
SPE00120566;1990-07-22;379;222;3;;
SPE00120566;1990-07-23;376;230;1;;
SPE00120566;1990-07-24;388;190;0;;
SPE00120566;1990-07-25;363;240;0;;
SPE00120566;1990-07-26;318;182;0;;
SPE00120566;1990-07-27;328;190;25;;
SPE00120566;1990-07-28;246;168;30;;
SPE00120566;1990-07-29;314;127;0;;
SPE00120566;1990-07-30;356;155;0;;
SPE00120566;1990-07-31;379;194;0;;
SPE00120566;1990-08-01;394;225;0;;
SPE00120566;1990-08-02;384;218;0;;
SPE00120566;1990-08-03;368;212;0;;
SPE00120566;1990-08-04;365;195;0;;
SPE00120566;1990-08-05;394;200;0;;
SPE00120566;1990-08-06;392;207;0;;
SPE00120566;1990-08-07;331;184;0;;
SPE00120566;1990-08-08;331;195;0;;
SPE00120566;1990-08-09;353;193;0;;
SPE00120566;1990-08-10;357;207;0;;
SPE00120566;1990-08-11;370;206;0;;
SPE00120566;1990-08-12;370;228;0;;
SPE00120566;1990-08-13;350;200;0;;
SPE00120566;1990-08-14;334;184;0;;
SPE00120566;1990-08-15;346;190;0;;
SPE00120566;1990-08-16;361;205;0;;
SPE00120566;1990-08-17;361;199;0;;
SPE00120566;1990-08-18;365;205;0;;
SPE00120566;1990-08-19;356;222;9;;
SPE00120566;1990-08-20;334;210;2;;
SPE00120566;1990-08-21;336;172;12;;
SPE00120566;1990-08-22;336;186;0;;
SPE00120566;1990-08-23;327;189;0;;
SPE00120566;1990-08-24;330;173;0;;
SPE00120566;1990-08-25;340;184;0;;
SPE00120566;1990-08-26;337;184;0;;
SPE00120566;1990-08-27;349;169;0;;
SPE00120566;1990-08-28;346;175;0;;
SPE00120566;1990-08-29;334;216;0;;
SPE00120566;1990-08-30;300;179;0;;
SPE00120566;1990-08-31;286;138;0;;
SPE00120566;1990-09-01;306;124;0;;
SPE00120566;1990-09-02;333;140;0;;
SPE00120566;1990-09-03;336;172;0;;
SPE00120566;1990-09-04;346;176;0;;
SPE00120566;1990-09-05;349;166;0;;
SPE00120566;1990-09-06;360;196;0;;
SPE00120566;1990-09-07;342;190;0;;
SPE00120566;1990-09-08;334;160;236;;
SPE00120566;1990-09-09;241;160;0;;
SPE00120566;1990-09-10;282;175;0;;
SPE00120566;1990-09-11;325;175;0;;
SPE00120566;1990-09-12;316;198;0;;
SPE00120566;1990-09-13;288;180;0;;
SPE00120566;1990-09-14;288;167;0;;
SPE00120566;1990-09-15;302;190;0;;
SPE00120566;1990-09-16;296;162;163;;
SPE00120566;1990-09-17;262;143;0;;
SPE00120566;1990-09-18;287;142;0;;
SPE00120566;1990-09-19;310;192;0;;
SPE00120566;1990-09-20;303;187;0;;
SPE00120566;1990-09-21;296;168;0;;
SPE00120566;1990-09-22;288;167;0;;
SPE00120566;1990-09-23;240;158;0;;
SPE00120566;1990-09-24;259;133;0;;
SPE00120566;1990-09-25;246;162;0;;
SPE00120566;1990-09-26;267;155;0;;
SPE00120566;1990-09-27;307;143;0;;
SPE00120566;1990-09-28;318;171;0;;
SPE00120566;1990-09-29;289;180;17;;
SPE00120566;1990-09-30;248;172;0;;
SPE00120566;1990-10-01;274;146;0;;
SPE00120566;1990-10-02;284;175;0;;
SPE00120566;1990-10-03;242;148;0;;
SPE00120566;1990-10-04;245;129;0;;
SPE00120566;1990-10-05;237;83;0;;
SPE00120566;1990-10-06;264;66;0;;
SPE00120566;1990-10-07;216;104;0;;
SPE00120566;1990-10-08;219;85;0;;
SPE00120566;1990-10-09;217;48;0;;
SPE00120566;1990-10-10;241;84;0;;
SPE00120566;1990-10-11;250;110;0;;
SPE00120566;1990-10-12;272;94;0;;
SPE00120566;1990-10-13;253;160;0;;
SPE00120566;1990-10-14;237;137;19;;
SPE00120566;1990-10-15;220;128;11;;
SPE00120566;1990-10-16;197;101;5;;
SPE00120566;1990-10-17;182;111;0;;
SPE00120566;1990-10-18;190;119;150;;
SPE00120566;1990-10-19;185;104;0;;
SPE00120566;1990-10-20;174;106;13;;
SPE00120566;1990-10-21;183;98;51;;
SPE00120566;1990-10-22;156;108;22;;
SPE00120566;1990-10-23;166;113;35;;
SPE00120566;1990-10-24;166;114;0;;
SPE00120566;1990-10-25;158;76;0;;
SPE00120566;1990-10-26;180;110;12;;
SPE00120566;1990-10-27;165;60;29;;
SPE00120566;1990-10-28;156;102;54;;
SPE00120566;1990-10-29;200;143;0;;
SPE00120566;1990-10-30;201;153;1;;
SPE00120566;1990-10-31;182;110;111;;
SPE00120566;1990-11-01;166;58;0;;
SPE00120566;1990-11-02;166;50;0;;
SPE00120566;1990-11-03;154;48;0;;
SPE00120566;1990-11-04;138;15;0;;
SPE00120566;1990-11-05;148;14;0;;
SPE00120566;1990-11-06;152;71;8;;
SPE00120566;1990-11-07;162;112;66;;
SPE00120566;1990-11-08;181;133;85;;
SPE00120566;1990-11-09;173;101;0;;
SPE00120566;1990-11-10;171;91;0;;
SPE00120566;1990-11-11;162;48;0;;
SPE00120566;1990-11-12;190;49;0;;
SPE00120566;1990-11-13;167;45;0;;
SPE00120566;1990-11-14;198;50;0;;
SPE00120566;1990-11-15;212;22;0;;
SPE00120566;1990-11-16;231;46;0;;
SPE00120566;1990-11-17;226;60;0;;
SPE00120566;1990-11-18;214;32;0;;
SPE00120566;1990-11-19;206;35;0;;
SPE00120566;1990-11-20;154;44;0;;
SPE00120566;1990-11-21;110;50;76;;
SPE00120566;1990-11-22;106;24;0;;
SPE00120566;1990-11-23;108;4;2;;
SPE00120566;1990-11-24;153;69;158;;
SPE00120566;1990-11-25;100;42;0;;
SPE00120566;1990-11-26;88;34;0;;
SPE00120566;1990-11-27;106;16;0;;
SPE00120566;1990-11-28;104;20;0;;
SPE00120566;1990-11-29;106;-6;0;;
SPE00120566;1990-11-30;104;-9;0;;
SPE00120566;1990-12-01;135;-10;0;;
SPE00120566;1990-12-02;124;-19;0;;
SPE00120566;1990-12-03;96;-2;0;;
SPE00120566;1990-12-04;114;2;0;;
SPE00120566;1990-12-05;115;21;0;;
SPE00120566;1990-12-06;114;-8;0;;
SPE00120566;1990-12-07;92;6;3;;
SPE00120566;1990-12-08;97;29;84;;
SPE00120566;1990-12-09;66;-2;0;;
SPE00120566;1990-12-10;90;20;0;;
SPE00120566;1990-12-11;112;34;0;;
SPE00120566;1990-12-12;124;14;0;;
SPE00120566;1990-12-13;125;32;0;;
SPE00120566;1990-12-14;94;-25;0;;
SPE00120566;1990-12-15;90;-48;0;;
SPE00120566;1990-12-16;78;-65;0;;
SPE00120566;1990-12-17;101;-3;0;;
SPE00120566;1990-12-18;83;6;0;;
SPE00120566;1990-12-19;66;-14;2;;
SPE00120566;1990-12-20;83;13;0;;
SPE00120566;1990-12-21;72;-12;0;;
SPE00120566;1990-12-22;81;-61;0;;
SPE00120566;1990-12-23;88;-46;0;;
SPE00120566;1990-12-24;105;-7;0;;
SPE00120566;1990-12-25;73;-5;25;;
SPE00120566;1990-12-26;132;54;0;;
SPE00120566;1990-12-27;118;68;1;;
SPE00120566;1990-12-28;130;82;0;;
SPE00120566;1990-12-29;113;85;0;;
SPE00120566;1990-12-30;111;89;0;;
SPE00120566;1990-12-31;124;80;0;;
SPE00120566;1991-01-01;124;35;0;;
SPE00120566;1991-01-02;59;-14;0;;
SPE00120566;1991-01-03;47;22;10;;
SPE00120566;1991-01-04;106;22;0;;
SPE00120566;1991-01-05;109;-5;0;;
SPE00120566;1991-01-06;99;56;2;;
SPE00120566;1991-01-07;108;65;34;;
SPE00120566;1991-01-08;115;67;1;;
SPE00120566;1991-01-09;134;72;0;;
SPE00120566;1991-01-10;165;94;0;;
SPE00120566;1991-01-11;161;71;25;;
SPE00120566;1991-01-12;100;35;7;;
SPE00120566;1991-01-13;93;-9;0;;
SPE00120566;1991-01-14;85;-18;0;;
SPE00120566;1991-01-15;68;-50;0;;
SPE00120566;1991-01-16;43;-43;0;;
SPE00120566;1991-01-17;102;4;0;;
SPE00120566;1991-01-18;148;53;0;;
SPE00120566;1991-01-19;96;40;0;;
SPE00120566;1991-01-20;129;-11;0;;
SPE00120566;1991-01-21;110;2;0;;
SPE00120566;1991-01-22;112;-10;2;;
SPE00120566;1991-01-23;110;19;0;;
SPE00120566;1991-01-24;106;-10;0;;
SPE00120566;1991-01-25;94;14;0;;
SPE00120566;1991-01-26;118;-14;0;;
SPE00120566;1991-01-27;112;-32;0;;
SPE00120566;1991-01-28;122;-44;0;;
SPE00120566;1991-01-29;30;-50;4;;
SPE00120566;1991-01-30;82;14;0;;
SPE00120566;1991-01-31;100;-28;0;;
SPE00120566;1991-02-01;71;15;9;;
SPE00120566;1991-02-02;98;12;5;;
SPE00120566;1991-02-03;116;32;0;;
SPE00120566;1991-02-04;129;25;0;;
SPE00120566;1991-02-05;117;3;1;;
SPE00120566;1991-02-06;102;64;22;;
SPE00120566;1991-02-07;103;44;0;;
SPE00120566;1991-02-08;100;10;0;;
SPE00120566;1991-02-09;121;72;16;;
SPE00120566;1991-02-10;112;32;0;;
SPE00120566;1991-02-11;96;-26;0;;
SPE00120566;1991-02-12;52;-28;0;;
SPE00120566;1991-02-13;103;-47;0;;
SPE00120566;1991-02-14;97;-26;0;;
SPE00120566;1991-02-15;104;-43;7;;
SPE00120566;1991-02-16;62;16;195;;
SPE00120566;1991-02-17;57;13;46;;
SPE00120566;1991-02-18;82;22;168;;
SPE00120566;1991-02-19;98;24;59;;
SPE00120566;1991-02-20;148;20;0;;
SPE00120566;1991-02-21;129;56;2;;
SPE00120566;1991-02-22;134;41;0;;
SPE00120566;1991-02-23;161;1;0;;
SPE00120566;1991-02-24;184;12;0;;
SPE00120566;1991-02-25;176;24;0;;
SPE00120566;1991-02-26;162;45;0;;
SPE00120566;1991-02-27;140;63;16;;
SPE00120566;1991-02-28;121;56;39;;
SPE00120566;1991-03-01;130;55;0;;
SPE00120566;1991-03-02;149;22;0;;
SPE00120566;1991-03-03;196;74;0;;
SPE00120566;1991-03-04;182;76;0;;
SPE00120566;1991-03-05;161;95;8;;
SPE00120566;1991-03-06;136;74;62;;
SPE00120566;1991-03-07;132;70;16;;
SPE00120566;1991-03-08;125;51;10;;
SPE00120566;1991-03-09;124;60;13;;
SPE00120566;1991-03-10;176;78;0;;
SPE00120566;1991-03-11;185;59;0;;
SPE00120566;1991-03-12;160;56;94;;
SPE00120566;1991-03-13;110;86;78;;
SPE00120566;1991-03-14;187;66;0;;
SPE00120566;1991-03-15;191;64;0;;
SPE00120566;1991-03-16;158;85;5;;
SPE00120566;1991-03-17;154;74;3;;
SPE00120566;1991-03-18;172;56;0;;
SPE00120566;1991-03-19;221;74;0;;
SPE00120566;1991-03-20;234;82;0;;
SPE00120566;1991-03-21;179;70;0;;
SPE00120566;1991-03-22;140;51;4;;
SPE00120566;1991-03-23;136;28;0;;
SPE00120566;1991-03-24;98;18;0;;
SPE00120566;1991-03-25;111;63;4;;
SPE00120566;1991-03-26;140;72;4;;
SPE00120566;1991-03-27;156;82;1;;
SPE00120566;1991-03-28;193;76;0;;
SPE00120566;1991-03-29;192;44;0;;
SPE00120566;1991-03-30;180;70;0;;
SPE00120566;1991-03-31;169;71;0;;
SPE00120566;1991-04-01;183;60;0;;
SPE00120566;1991-04-02;205;42;0;;
SPE00120566;1991-04-03;154;91;0;;
SPE00120566;1991-04-04;135;35;3;;
SPE00120566;1991-04-05;144;40;0;;
SPE00120566;1991-04-06;186;48;0;;
SPE00120566;1991-04-07;212;39;0;;
SPE00120566;1991-04-08;220;70;0;;
SPE00120566;1991-04-09;242;66;0;;
SPE00120566;1991-04-10;250;82;0;;
SPE00120566;1991-04-11;263;97;0;;
SPE00120566;1991-04-12;250;81;4;;
SPE00120566;1991-04-13;126;51;0;;
SPE00120566;1991-04-14;170;14;59;;
SPE00120566;1991-04-15;122;80;21;;
SPE00120566;1991-04-16;188;62;24;;
SPE00120566;1991-04-17;192;61;0;;
SPE00120566;1991-04-18;174;62;0;;
SPE00120566;1991-04-19;218;49;0;;
SPE00120566;1991-04-20;154;42;0;;
SPE00120566;1991-04-21;160;6;0;;
SPE00120566;1991-04-22;183;12;0;;
SPE00120566;1991-04-23;207;37;0;;
SPE00120566;1991-04-24;189;81;1;;
SPE00120566;1991-04-25;157;43;0;;
SPE00120566;1991-04-26;160;58;0;;
SPE00120566;1991-04-27;180;8;0;;
SPE00120566;1991-04-28;208;96;0;;
SPE00120566;1991-04-29;242;44;0;;
SPE00120566;1991-04-30;278;82;0;;
SPE00120566;1991-05-01;215;73;1;;
SPE00120566;1991-05-02;157;51;0;;
SPE00120566;1991-05-03;162;37;0;;
SPE00120566;1991-05-04;186;6;0;;
SPE00120566;1991-05-05;185;70;0;;
SPE00120566;1991-05-06;183;-3;0;;
SPE00120566;1991-05-07;218;30;0;;
SPE00120566;1991-05-08;166;71;0;;
SPE00120566;1991-05-09;180;38;0;;
SPE00120566;1991-05-10;184;35;0;;
SPE00120566;1991-05-11;185;34;0;;
SPE00120566;1991-05-12;226;44;0;;
SPE00120566;1991-05-13;238;74;0;;
SPE00120566;1991-05-14;272;78;0;;
SPE00120566;1991-05-15;290;96;0;;
SPE00120566;1991-05-16;268;87;0;;
SPE00120566;1991-05-17;262;75;0;;
SPE00120566;1991-05-18;248;98;0;;
SPE00120566;1991-05-19;258;82;0;;
SPE00120566;1991-05-20;264;92;0;;
SPE00120566;1991-05-21;273;118;0;;
SPE00120566;1991-05-22;282;108;0;;
SPE00120566;1991-05-23;313;103;0;;
SPE00120566;1991-05-24;314;138;0;;
SPE00120566;1991-05-25;314;142;0;;
SPE00120566;1991-05-26;303;133;0;;
SPE00120566;1991-05-27;304;136;0;;
SPE00120566;1991-05-28;302;162;0;;
SPE00120566;1991-05-29;312;152;27;;
SPE00120566;1991-05-30;252;158;0;;
SPE00120566;1991-05-31;224;147;0;;
SPE00120566;1991-06-01;242;138;1;;
SPE00120566;1991-06-02;262;124;21;;
SPE00120566;1991-06-03;284;115;0;;
SPE00120566;1991-06-04;274;149;0;;
SPE00120566;1991-06-05;273;131;0;;
SPE00120566;1991-06-06;270;172;0;;
SPE00120566;1991-06-07;236;148;0;;
SPE00120566;1991-06-08;298;100;0;;
SPE00120566;1991-06-09;335;149;0;;
SPE00120566;1991-06-10;299;179;0;;
SPE00120566;1991-06-11;310;136;0;;
SPE00120566;1991-06-12;346;176;0;;
SPE00120566;1991-06-13;367;176;0;;
SPE00120566;1991-06-14;375;210;0;;
SPE00120566;1991-06-15;371;200;100;;
SPE00120566;1991-06-16;322;185;0;;
SPE00120566;1991-06-17;272;122;0;;
SPE00120566;1991-06-18;274;114;0;;
SPE00120566;1991-06-19;290;118;0;;
SPE00120566;1991-06-20;327;188;0;;
SPE00120566;1991-06-21;342;192;0;;
SPE00120566;1991-06-22;346;194;0;;
SPE00120566;1991-06-23;362;180;0;;
SPE00120566;1991-06-24;375;190;0;;
SPE00120566;1991-06-25;387;185;0;;
SPE00120566;1991-06-26;379;222;0;;
SPE00120566;1991-06-27;356;220;0;;
SPE00120566;1991-06-28;329;167;0;;
SPE00120566;1991-06-29;327;148;0;;
SPE00120566;1991-06-30;354;174;0;;
SPE00120566;1991-07-01;356;182;14;;
SPE00120566;1991-07-02;322;174;0;;
SPE00120566;1991-07-03;316;152;0;;
SPE00120566;1991-07-04;321;164;0;;
SPE00120566;1991-07-05;250;145;0;;
SPE00120566;1991-07-06;264;132;0;;
SPE00120566;1991-07-07;314;142;0;;
SPE00120566;1991-07-08;364;190;0;;
SPE00120566;1991-07-09;360;212;0;;
SPE00120566;1991-07-10;386;214;0;;
SPE00120566;1991-07-11;380;220;0;;
SPE00120566;1991-07-12;400;212;0;;
SPE00120566;1991-07-13;400;222;0;;
SPE00120566;1991-07-14;394;210;0;;
SPE00120566;1991-07-15;387;207;0;;
SPE00120566;1991-07-16;404;228;0;;
SPE00120566;1991-07-17;408;250;0;;
SPE00120566;1991-07-18;410;220;0;;
SPE00120566;1991-07-19;390;246;0;;
SPE00120566;1991-07-20;366;176;269;;
SPE00120566;1991-07-21;348;168;0;;
SPE00120566;1991-07-22;350;199;0;;
SPE00120566;1991-07-23;370;205;0;;
SPE00120566;1991-07-24;361;227;0;;
SPE00120566;1991-07-25;360;188;0;;
SPE00120566;1991-07-26;344;192;0;;
SPE00120566;1991-07-27;382;188;0;;
SPE00120566;1991-07-28;379;242;0;;
SPE00120566;1991-07-29;285;179;0;;
SPE00120566;1991-07-30;256;132;0;;
SPE00120566;1991-07-31;290;138;0;;
SPE00120566;1991-08-01;342;182;0;;
SPE00120566;1991-08-02;379;192;0;;
SPE00120566;1991-08-03;397;197;0;;
SPE00120566;1991-08-04;396;201;0;;
SPE00120566;1991-08-05;407;198;0;;
SPE00120566;1991-08-06;418;221;0;;
SPE00120566;1991-08-07;366;259;0;;
SPE00120566;1991-08-08;314;190;0;;
SPE00120566;1991-08-09;293;129;0;;
SPE00120566;1991-08-10;319;146;0;;
SPE00120566;1991-08-11;315;189;0;;
SPE00120566;1991-08-12;346;186;0;;
SPE00120566;1991-08-13;378;192;0;;
SPE00120566;1991-08-14;382;196;0;;
SPE00120566;1991-08-15;398;216;0;;
SPE00120566;1991-08-16;410;214;0;;
SPE00120566;1991-08-17;400;236;16;;
SPE00120566;1991-08-18;382;214;0;;
SPE00120566;1991-08-19;378;230;0;;
SPE00120566;1991-08-20;392;184;0;;
SPE00120566;1991-08-21;367;242;0;;
SPE00120566;1991-08-22;297;183;0;;
SPE00120566;1991-08-23;345;174;0;;
SPE00120566;1991-08-24;368;182;0;;
SPE00120566;1991-08-25;388;170;0;;
SPE00120566;1991-08-26;370;216;0;;
SPE00120566;1991-08-27;360;202;0;;
SPE00120566;1991-08-28;330;212;1;;
SPE00120566;1991-08-29;344;198;0;;
SPE00120566;1991-08-30;312;184;0;;
SPE00120566;1991-08-31;302;182;0;;
SPE00120566;1991-09-01;328;175;0;;
SPE00120566;1991-09-02;347;153;0;;
SPE00120566;1991-09-03;336;196;0;;
SPE00120566;1991-09-04;305;198;105;;
SPE00120566;1991-09-05;297;172;41;;
SPE00120566;1991-09-06;287;167;1;;
SPE00120566;1991-09-07;322;161;0;;
SPE00120566;1991-09-08;327;175;0;;
SPE00120566;1991-09-09;334;187;0;;
SPE00120566;1991-09-10;334;176;0;;
SPE00120566;1991-09-11;292;182;0;;
SPE00120566;1991-09-12;271;159;0;;
SPE00120566;1991-09-13;302;154;0;;
SPE00120566;1991-09-14;317;155;0;;
SPE00120566;1991-09-15;329;161;0;;
SPE00120566;1991-09-16;342;170;0;;
SPE00120566;1991-09-17;361;162;0;;
SPE00120566;1991-09-18;367;175;0;;
SPE00120566;1991-09-19;364;176;0;;
SPE00120566;1991-09-20;307;177;3;;
SPE00120566;1991-09-21;318;179;23;;
SPE00120566;1991-09-22;303;167;0;;
SPE00120566;1991-09-23;323;170;0;;
SPE00120566;1991-09-24;297;157;0;;
SPE00120566;1991-09-25;236;163;42;;
SPE00120566;1991-09-26;218;114;0;;
SPE00120566;1991-09-27;225;94;0;;
SPE00120566;1991-09-28;177;110;76;;
SPE00120566;1991-09-29;166;95;0;;
SPE00120566;1991-09-30;221;93;0;;
SPE00120566;1991-10-01;238;127;0;;
SPE00120566;1991-10-02;240;95;0;;
SPE00120566;1991-10-03;258;92;0;;
SPE00120566;1991-10-04;242;127;0;;
SPE00120566;1991-10-05;285;118;0;;
SPE00120566;1991-10-06;226;105;0;;
SPE00120566;1991-10-07;252;54;0;;
SPE00120566;1991-10-08;201;114;4;;
SPE00120566;1991-10-09;156;97;80;;
SPE00120566;1991-10-10;134;97;136;;
SPE00120566;1991-10-11;160;94;56;;
SPE00120566;1991-10-12;172;96;100;;
SPE00120566;1991-10-13;162;102;26;;
SPE00120566;1991-10-14;171;95;1;;
SPE00120566;1991-10-15;171;92;0;;
SPE00120566;1991-10-16;187;58;0;;
SPE00120566;1991-10-17;206;59;0;;
SPE00120566;1991-10-18;205;67;0;;
SPE00120566;1991-10-19;179;77;0;;
SPE00120566;1991-10-20;150;20;0;;
SPE00120566;1991-10-21;159;21;0;;
SPE00120566;1991-10-22;138;9;0;;
SPE00120566;1991-10-23;107;65;7;;
SPE00120566;1991-10-24;143;50;1;;
SPE00120566;1991-10-25;140;94;99;;
SPE00120566;1991-10-26;171;110;12;;
SPE00120566;1991-10-27;155;72;3;;
SPE00120566;1991-10-28;162;89;4;;
SPE00120566;1991-10-29;172;96;0;;
SPE00120566;1991-10-30;176;50;0;;
SPE00120566;1991-10-31;208;93;0;;
SPE00120566;1991-11-01;229;68;0;;
SPE00120566;1991-11-02;216;74;0;;
SPE00120566;1991-11-03;212;125;5;;
SPE00120566;1991-11-04;182;76;0;;
SPE00120566;1991-11-05;150;50;0;;
SPE00120566;1991-11-06;148;38;0;;
SPE00120566;1991-11-07;151;13;0;;
SPE00120566;1991-11-08;183;6;0;;
SPE00120566;1991-11-09;180;10;0;;
SPE00120566;1991-11-10;145;24;0;;
SPE00120566;1991-11-11;147;-10;0;;
SPE00120566;1991-11-12;149;-6;0;;
SPE00120566;1991-11-13;159;57;5;;
SPE00120566;1991-11-14;132;64;0;;
SPE00120566;1991-11-15;190;92;0;;
SPE00120566;1991-11-16;175;76;0;;
SPE00120566;1991-11-17;175;45;0;;
SPE00120566;1991-11-18;168;54;0;;
SPE00120566;1991-11-19;118;38;6;;
SPE00120566;1991-11-20;104;40;0;;
SPE00120566;1991-11-21;103;35;0;;
SPE00120566;1991-11-22;113;9;0;;
SPE00120566;1991-11-23;120;-27;0;;
SPE00120566;1991-11-24;130;-38;0;;
SPE00120566;1991-11-25;152;54;0;;
SPE00120566;1991-11-26;206;45;0;;
SPE00120566;1991-11-27;149;21;0;;
SPE00120566;1991-11-28;157;71;11;;
SPE00120566;1991-11-29;108;53;9;;
SPE00120566;1991-11-30;138;50;44;;
SPE00120566;1991-12-01;125;66;7;;
SPE00120566;1991-12-02;99;42;12;;
SPE00120566;1991-12-03;119;34;0;;
SPE00120566;1991-12-04;128;23;0;;
SPE00120566;1991-12-05;134;45;0;;
SPE00120566;1991-12-06;136;70;0;;
SPE00120566;1991-12-07;112;65;10;;
SPE00120566;1991-12-08;80;68;67;;
SPE00120566;1991-12-09;105;34;0;;
SPE00120566;1991-12-10;88;14;0;;
SPE00120566;1991-12-11;126;32;0;;
SPE00120566;1991-12-12;120;25;0;;
SPE00120566;1991-12-13;110;46;0;;
SPE00120566;1991-12-14;114;46;168;;
SPE00120566;1991-12-15;95;65;2;;
SPE00120566;1991-12-16;110;46;0;;
SPE00120566;1991-12-17;48;12;2;;
SPE00120566;1991-12-18;75;5;3;;
SPE00120566;1991-12-19;47;0;2;;
SPE00120566;1991-12-20;140;3;0;;
SPE00120566;1991-12-21;124;15;0;;
SPE00120566;1991-12-22;160;-8;0;;
SPE00120566;1991-12-23;161;-20;0;;
SPE00120566;1991-12-24;144;-22;0;;
SPE00120566;1991-12-25;146;-18;0;;
SPE00120566;1991-12-26;108;11;0;;
SPE00120566;1991-12-27;113;-35;0;;
SPE00120566;1991-12-28;130;-36;0;;
SPE00120566;1991-12-29;133;-21;0;;
SPE00120566;1991-12-30;104;0;0;;
SPE00120566;1991-12-31;45;-33;0;;
SPE00120566;1992-01-01;93;-35;0;;
SPE00120566;1992-01-02;118;18;0;;
SPE00120566;1992-01-03;86;8;0;;
SPE00120566;1992-01-04;40;-20;4;;
SPE00120566;1992-01-05;105;-42;5;;
SPE00120566;1992-01-06;76;-13;0;;
SPE00120566;1992-01-07;100;-12;1;;
SPE00120566;1992-01-08;155;65;6;;
SPE00120566;1992-01-09;120;17;3;;
SPE00120566;1992-01-10;95;-10;0;;
SPE00120566;1992-01-11;68;-16;0;;
SPE00120566;1992-01-12;84;-8;0;;
SPE00120566;1992-01-13;84;-42;0;;
SPE00120566;1992-01-14;100;8;0;;
SPE00120566;1992-01-15;118;-11;0;;
SPE00120566;1992-01-16;103;-16;0;;
SPE00120566;1992-01-17;110;-45;0;;
SPE00120566;1992-01-18;90;-36;0;;
SPE00120566;1992-01-19;16;-32;0;;
SPE00120566;1992-01-20;52;-24;0;;
SPE00120566;1992-01-21;84;-60;0;;
SPE00120566;1992-01-22;84;-15;0;;
SPE00120566;1992-01-23;45;-40;0;;
SPE00120566;1992-01-24;104;-26;0;;
SPE00120566;1992-01-25;132;-25;0;;
SPE00120566;1992-01-26;133;-28;0;;
SPE00120566;1992-01-27;100;-20;0;;
SPE00120566;1992-01-28;102;-40;0;;
SPE00120566;1992-01-29;125;-14;0;;
SPE00120566;1992-01-30;125;14;0;;
SPE00120566;1992-01-31;130;-18;0;;
SPE00120566;1992-02-01;140;-26;0;;
SPE00120566;1992-02-02;154;-25;0;;
SPE00120566;1992-02-03;146;-28;0;;
SPE00120566;1992-02-04;170;-40;0;;
SPE00120566;1992-02-05;196;-7;0;;
SPE00120566;1992-02-06;190;-25;0;;
SPE00120566;1992-02-07;186;-20;0;;
SPE00120566;1992-02-08;152;-15;0;;
SPE00120566;1992-02-09;148;-20;0;;
SPE00120566;1992-02-10;142;14;0;;
SPE00120566;1992-02-11;174;2;0;;
SPE00120566;1992-02-12;156;20;24;;
SPE00120566;1992-02-13;140;38;0;;
SPE00120566;1992-02-14;145;0;0;;
SPE00120566;1992-02-15;166;-8;0;;
SPE00120566;1992-02-16;144;6;0;;
SPE00120566;1992-02-17;159;18;0;;
SPE00120566;1992-02-18;107;60;28;;
SPE00120566;1992-02-19;67;26;234;;
SPE00120566;1992-02-20;65;3;17;;
SPE00120566;1992-02-21;100;-22;0;;
SPE00120566;1992-02-22;116;-24;0;;
SPE00120566;1992-02-23;134;-10;0;;
SPE00120566;1992-02-24;136;26;0;;
SPE00120566;1992-02-25;133;42;0;;
SPE00120566;1992-02-26;154;37;0;;
SPE00120566;1992-02-27;156;-4;0;;
SPE00120566;1992-02-28;162;14;0;;
SPE00120566;1992-02-29;154;30;0;;
SPE00120566;1992-03-01;146;60;0;;
SPE00120566;1992-03-02;137;84;0;;
SPE00120566;1992-03-03;130;48;2;;
SPE00120566;1992-03-04;120;53;0;;
SPE00120566;1992-03-05;160;55;0;;
SPE00120566;1992-03-06;189;47;0;;
SPE00120566;1992-03-07;228;14;0;;
SPE00120566;1992-03-08;213;62;0;;
SPE00120566;1992-03-09;176;16;0;;
SPE00120566;1992-03-10;184;34;0;;
SPE00120566;1992-03-11;195;20;0;;
SPE00120566;1992-03-12;188;28;0;;
SPE00120566;1992-03-13;210;19;0;;
SPE00120566;1992-03-14;224;31;0;;
SPE00120566;1992-03-15;211;38;0;;
SPE00120566;1992-03-16;237;52;0;;
SPE00120566;1992-03-17;246;40;0;;
SPE00120566;1992-03-18;238;53;0;;
SPE00120566;1992-03-19;234;70;0;;
SPE00120566;1992-03-20;250;50;0;;
SPE00120566;1992-03-21;265;68;0;;
SPE00120566;1992-03-22;254;69;0;;
SPE00120566;1992-03-23;242;77;3;;
SPE00120566;1992-03-24;131;21;3;;
SPE00120566;1992-03-25;100;-8;0;;
SPE00120566;1992-03-26;108;-7;5;;
SPE00120566;1992-03-27;124;23;0;;
SPE00120566;1992-03-28;150;5;0;;
SPE00120566;1992-03-29;160;-10;0;;
SPE00120566;1992-03-30;124;28;93;;
SPE00120566;1992-03-31;104;28;0;;
SPE00120566;1992-04-01;122;44;7;;
SPE00120566;1992-04-02;126;72;102;;
SPE00120566;1992-04-03;151;72;72;;
SPE00120566;1992-04-04;130;70;5;;
SPE00120566;1992-04-05;154;42;0;;
SPE00120566;1992-04-06;156;6;24;;
SPE00120566;1992-04-07;166;76;3;;
SPE00120566;1992-04-08;149;65;10;;
SPE00120566;1992-04-09;186;50;0;;
SPE00120566;1992-04-10;182;40;0;;
SPE00120566;1992-04-11;216;48;0;;
SPE00120566;1992-04-12;228;44;0;;
SPE00120566;1992-04-13;214;64;0;;
SPE00120566;1992-04-14;232;50;0;;
SPE00120566;1992-04-15;205;90;0;;
SPE00120566;1992-04-16;165;60;0;;
SPE00120566;1992-04-17;186;15;0;;
SPE00120566;1992-04-18;250;70;0;;
SPE00120566;1992-04-19;258;59;0;;
SPE00120566;1992-04-20;280;73;0;;
SPE00120566;1992-04-21;285;105;0;;
SPE00120566;1992-04-22;280;100;0;;
SPE00120566;1992-04-23;275;103;0;;
SPE00120566;1992-04-24;285;97;0;;
SPE00120566;1992-04-25;265;122;0;;
SPE00120566;1992-04-26;290;115;0;;
SPE00120566;1992-04-27;296;142;0;;
SPE00120566;1992-04-28;282;127;0;;
SPE00120566;1992-04-29;210;68;0;;
SPE00120566;1992-04-30;255;70;0;;
SPE00120566;1992-05-01;277;94;85;;
SPE00120566;1992-05-02;276;60;1;;
SPE00120566;1992-05-03;180;34;0;;
SPE00120566;1992-05-04;216;65;0;;
SPE00120566;1992-05-05;230;85;0;;
SPE00120566;1992-05-06;240;104;1;;
SPE00120566;1992-05-07;260;94;0;;
SPE00120566;1992-05-08;260;109;0;;
SPE00120566;1992-05-09;294;104;0;;
SPE00120566;1992-05-10;292;152;0;;
SPE00120566;1992-05-11;302;125;0;;
SPE00120566;1992-05-12;314;134;0;;
SPE00120566;1992-05-13;326;145;0;;
SPE00120566;1992-05-14;305;150;0;;
SPE00120566;1992-05-15;322;145;0;;
SPE00120566;1992-05-16;334;154;0;;
SPE00120566;1992-05-17;335;155;0;;
SPE00120566;1992-05-18;334;166;14;;
SPE00120566;1992-05-19;315;130;0;;
SPE00120566;1992-05-20;295;168;5;;
SPE00120566;1992-05-21;315;130;8;;
SPE00120566;1992-05-22;266;165;0;;
SPE00120566;1992-05-23;225;128;31;;
SPE00120566;1992-05-24;226;100;0;;
SPE00120566;1992-05-25;276;104;0;;
SPE00120566;1992-05-26;298;158;0;;
SPE00120566;1992-05-27;255;132;2;;
SPE00120566;1992-05-28;182;120;40;;
SPE00120566;1992-05-29;200;135;210;;
SPE00120566;1992-05-30;240;138;42;;
SPE00120566;1992-05-31;226;158;10;;
SPE00120566;1992-06-01;216;110;0;;
SPE00120566;1992-06-02;216;120;0;;
SPE00120566;1992-06-03;220;106;0;;
SPE00120566;1992-06-04;222;102;0;;
SPE00120566;1992-06-05;225;95;0;;
SPE00120566;1992-06-06;216;92;0;;
SPE00120566;1992-06-07;208;124;0;;
SPE00120566;1992-06-08;210;100;18;;
SPE00120566;1992-06-09;204;104;23;;
SPE00120566;1992-06-10;220;90;0;;
SPE00120566;1992-06-11;234;102;0;;
SPE00120566;1992-06-12;240;132;59;;
SPE00120566;1992-06-13;184;110;277;;
SPE00120566;1992-06-14;204;112;25;;
SPE00120566;1992-06-15;196;130;68;;
SPE00120566;1992-06-16;220;140;38;;
SPE00120566;1992-06-17;265;135;39;;
SPE00120566;1992-06-18;280;145;0;;
SPE00120566;1992-06-19;295;136;0;;
SPE00120566;1992-06-20;232;118;0;;
SPE00120566;1992-06-21;232;120;0;;
SPE00120566;1992-06-22;164;120;275;;
SPE00120566;1992-06-23;205;107;5;;
SPE00120566;1992-06-24;262;114;0;;
SPE00120566;1992-06-25;288;138;0;;
SPE00120566;1992-06-26;302;160;0;;
SPE00120566;1992-06-27;327;162;0;;
SPE00120566;1992-06-28;324;179;0;;
SPE00120566;1992-06-29;300;190;0;;
SPE00120566;1992-06-30;262;190;0;;
SPE00120566;1992-07-01;280;141;0;;
SPE00120566;1992-07-02;309;136;0;;
SPE00120566;1992-07-03;342;168;0;;
SPE00120566;1992-07-04;315;185;0;;
SPE00120566;1992-07-05;278;155;0;;
SPE00120566;1992-07-06;274;132;0;;
SPE00120566;1992-07-07;290;140;0;;
SPE00120566;1992-07-08;307;160;0;;
SPE00120566;1992-07-09;323;164;0;;
SPE00120566;1992-07-10;303;194;0;;
SPE00120566;1992-07-11;320;152;0;;
SPE00120566;1992-07-12;356;177;0;;
SPE00120566;1992-07-13;365;192;0;;
SPE00120566;1992-07-14;380;210;0;;
SPE00120566;1992-07-15;368;210;0;;
SPE00120566;1992-07-16;352;175;0;;
SPE00120566;1992-07-17;378;200;0;;
SPE00120566;1992-07-18;378;202;0;;
SPE00120566;1992-07-19;367;210;0;;
SPE00120566;1992-07-20;377;217;0;;
SPE00120566;1992-07-21;324;180;0;;
SPE00120566;1992-07-22;353;175;0;;
SPE00120566;1992-07-23;365;210;0;;
SPE00120566;1992-07-24;370;205;0;;
SPE00120566;1992-07-25;372;203;0;;
SPE00120566;1992-07-26;380;220;0;;
SPE00120566;1992-07-27;389;219;0;;
SPE00120566;1992-07-28;389;223;0;;
SPE00120566;1992-07-29;371;220;1;;
SPE00120566;1992-07-30;363;183;68;;
SPE00120566;1992-07-31;360;191;0;;
SPE00120566;1992-08-01;366;210;53;;
SPE00120566;1992-08-02;346;202;17;;
SPE00120566;1992-08-03;364;200;0;;
SPE00120566;1992-08-04;386;214;5;;
SPE00120566;1992-08-05;385;236;0;;
SPE00120566;1992-08-06;395;215;35;;
SPE00120566;1992-08-07;385;225;0;;
SPE00120566;1992-08-08;290;176;0;;
SPE00120566;1992-08-09;276;137;0;;
SPE00120566;1992-08-10;312;155;0;;
SPE00120566;1992-08-11;316;171;0;;
SPE00120566;1992-08-12;340;135;0;;
SPE00120566;1992-08-13;350;171;0;;
SPE00120566;1992-08-14;349;192;0;;
SPE00120566;1992-08-15;345;170;0;;
SPE00120566;1992-08-16;370;185;0;;
SPE00120566;1992-08-17;385;198;0;;
SPE00120566;1992-08-18;380;198;4;;
SPE00120566;1992-08-19;335;204;56;;
SPE00120566;1992-08-20;288;164;0;;
SPE00120566;1992-08-21;315;162;0;;
SPE00120566;1992-08-22;330;163;0;;
SPE00120566;1992-08-23;355;173;0;;
SPE00120566;1992-08-24;390;160;0;;
SPE00120566;1992-08-25;405;220;0;;
SPE00120566;1992-08-26;345;210;0;;
SPE00120566;1992-08-27;340;188;0;;
SPE00120566;1992-08-28;305;145;8;;
SPE00120566;1992-08-29;235;125;0;;
SPE00120566;1992-08-30;245;130;0;;
SPE00120566;1992-08-31;246;148;3;;
SPE00120566;1992-09-01;262;90;0;;
SPE00120566;1992-09-02;309;101;0;;
SPE00120566;1992-09-03;327;152;0;;
SPE00120566;1992-09-04;330;149;0;;
SPE00120566;1992-09-05;335;155;0;;
SPE00120566;1992-09-06;345;150;0;;
SPE00120566;1992-09-07;336;195;0;;
SPE00120566;1992-09-08;290;166;0;;
SPE00120566;1992-09-09;288;130;0;;
SPE00120566;1992-09-10;320;141;0;;
SPE00120566;1992-09-11;315;156;0;;
SPE00120566;1992-09-12;325;145;0;;
SPE00120566;1992-09-13;325;162;0;;
SPE00120566;1992-09-14;345;140;0;;
SPE00120566;1992-09-15;361;125;0;;
SPE00120566;1992-09-16;364;184;5;;
SPE00120566;1992-09-17;346;171;0;;
SPE00120566;1992-09-18;332;152;0;;
SPE00120566;1992-09-19;326;148;0;;
SPE00120566;1992-09-20;321;131;0;;
SPE00120566;1992-09-21;272;163;0;;
SPE00120566;1992-09-22;215;112;0;;
SPE00120566;1992-09-23;244;84;0;;
SPE00120566;1992-09-24;268;95;0;;
SPE00120566;1992-09-25;288;152;24;;
SPE00120566;1992-09-26;197;100;21;;
SPE00120566;1992-09-27;194;100;0;;
SPE00120566;1992-09-28;228;84;0;;
SPE00120566;1992-09-29;256;88;0;;
SPE00120566;1992-09-30;272;130;0;;
SPE00120566;1992-10-01;286;106;0;;
SPE00120566;1992-10-02;280;130;0;;
SPE00120566;1992-10-03;276;149;0;;
SPE00120566;1992-10-04;216;120;0;;
SPE00120566;1992-10-05;215;101;0;;
SPE00120566;1992-10-06;210;96;0;;
SPE00120566;1992-10-07;218;62;0;;
SPE00120566;1992-10-08;207;120;75;;
SPE00120566;1992-10-09;179;110;3;;
SPE00120566;1992-10-10;185;103;0;;
SPE00120566;1992-10-11;135;90;63;;
SPE00120566;1992-10-12;150;84;1;;
SPE00120566;1992-10-13;175;74;0;;
SPE00120566;1992-10-14;196;54;0;;
SPE00120566;1992-10-15;160;56;10;;
SPE00120566;1992-10-16;190;112;65;;
SPE00120566;1992-10-17;157;81;0;;
SPE00120566;1992-10-18;154;56;164;;
SPE00120566;1992-10-19;134;90;65;;
SPE00120566;1992-10-20;170;88;0;;
SPE00120566;1992-10-21;154;53;0;;
SPE00120566;1992-10-22;133;25;0;;
SPE00120566;1992-10-23;200;82;0;;
SPE00120566;1992-10-24;208;91;0;;
SPE00120566;1992-10-25;214;64;0;;
SPE00120566;1992-10-26;196;66;0;;
SPE00120566;1992-10-27;185;104;1;;
SPE00120566;1992-10-28;200;140;1;;
SPE00120566;1992-10-29;195;138;44;;
SPE00120566;1992-10-30;175;73;26;;
SPE00120566;1992-10-31;125;52;0;;
SPE00120566;1992-11-01;132;27;0;;
SPE00120566;1992-11-02;168;30;0;;
SPE00120566;1992-11-03;198;94;0;;
SPE00120566;1992-11-04;204;74;0;;
SPE00120566;1992-11-05;215;74;0;;
SPE00120566;1992-11-06;192;70;0;;
SPE00120566;1992-11-07;211;56;0;;
SPE00120566;1992-11-08;210;90;0;;
SPE00120566;1992-11-09;187;57;0;;
SPE00120566;1992-11-10;192;60;0;;
SPE00120566;1992-11-11;166;85;0;;
SPE00120566;1992-11-12;190;90;0;;
SPE00120566;1992-11-13;186;70;0;;
SPE00120566;1992-11-14;165;95;0;;
SPE00120566;1992-11-15;132;71;38;;
SPE00120566;1992-11-16;147;35;0;;
SPE00120566;1992-11-17;163;40;0;;
SPE00120566;1992-11-18;191;82;0;;
SPE00120566;1992-11-19;173;72;0;;
SPE00120566;1992-11-20;186;27;0;;
SPE00120566;1992-11-21;168;12;0;;
SPE00120566;1992-11-22;170;3;0;;
SPE00120566;1992-11-23;182;2;0;;
SPE00120566;1992-11-24;148;4;0;;
SPE00120566;1992-11-25;183;38;0;;
SPE00120566;1992-11-26;167;70;0;;
SPE00120566;1992-11-27;86;48;3;;
SPE00120566;1992-11-28;125;35;2;;
SPE00120566;1992-11-29;123;17;2;;
SPE00120566;1992-11-30;77;-6;0;;
SPE00120566;1992-12-01;115;40;2;;
SPE00120566;1992-12-02;144;81;6;;
SPE00120566;1992-12-03;150;92;0;;
SPE00120566;1992-12-04;160;92;85;;
SPE00120566;1992-12-05;125;74;0;;
SPE00120566;1992-12-06;145;67;6;;
SPE00120566;1992-12-07;133;53;6;;
SPE00120566;1992-12-08;115;24;0;;
SPE00120566;1992-12-09;133;36;0;;
SPE00120566;1992-12-10;117;21;0;;
SPE00120566;1992-12-11;101;-9;0;;
SPE00120566;1992-12-12;114;-25;0;;
SPE00120566;1992-12-13;150;-2;0;;
SPE00120566;1992-12-14;120;-10;0;;
SPE00120566;1992-12-15;110;30;30;;
SPE00120566;1992-12-16;101;59;2;;
SPE00120566;1992-12-17;126;27;0;;
SPE00120566;1992-12-18;86;8;0;;
SPE00120566;1992-12-19;132;39;0;;
SPE00120566;1992-12-20;125;52;0;;
SPE00120566;1992-12-21;102;52;0;;
SPE00120566;1992-12-22;128;42;0;;
SPE00120566;1992-12-23;128;42;0;;
SPE00120566;1992-12-24;135;63;8;;
SPE00120566;1992-12-25;117;53;3;;
SPE00120566;1992-12-26;117;68;0;;
SPE00120566;1992-12-27;101;47;7;;
SPE00120566;1992-12-28;115;-5;0;;
SPE00120566;1992-12-29;102;-26;0;;
SPE00120566;1992-12-30;78;-22;0;;
SPE00120566;1992-12-31;87;-46;0;;
SPE00120566;1993-01-01;84;-46;0;;
SPE00120566;1993-01-02;80;-47;0;;
SPE00120566;1993-01-03;92;-47;0;;
SPE00120566;1993-01-04;87;-66;0;;
SPE00120566;1993-01-05;120;-22;0;;
SPE00120566;1993-01-06;125;-9;0;;
SPE00120566;1993-01-07;126;-20;0;;
SPE00120566;1993-01-08;134;-23;0;;
SPE00120566;1993-01-09;130;-24;0;;
SPE00120566;1993-01-10;96;-44;0;;
SPE00120566;1993-01-11;94;-24;0;;
SPE00120566;1993-01-12;114;14;0;;
SPE00120566;1993-01-13;142;64;0;;
SPE00120566;1993-01-14;64;19;0;;
SPE00120566;1993-01-15;102;-21;0;;
SPE00120566;1993-01-16;137;-17;0;;
SPE00120566;1993-01-17;120;-8;0;;
SPE00120566;1993-01-18;122;-22;0;;
SPE00120566;1993-01-19;114;-25;0;;
SPE00120566;1993-01-20;139;-38;0;;
SPE00120566;1993-01-21;129;-22;0;;
SPE00120566;1993-01-22;142;-33;0;;
SPE00120566;1993-01-23;143;-40;0;;
SPE00120566;1993-01-24;156;-48;0;;
SPE00120566;1993-01-25;148;-45;0;;
SPE00120566;1993-01-26;162;-12;0;;
SPE00120566;1993-01-27;153;-31;0;;
SPE00120566;1993-01-28;132;-30;0;;
SPE00120566;1993-01-29;122;24;0;;
SPE00120566;1993-01-30;103;49;0;;
SPE00120566;1993-01-31;133;68;3;;
SPE00120566;1993-02-01;138;56;2;;
SPE00120566;1993-02-02;136;48;0;;
SPE00120566;1993-02-03;112;0;0;;
SPE00120566;1993-02-04;129;15;0;;
SPE00120566;1993-02-05;120;40;0;;
SPE00120566;1993-02-06;140;26;0;;
SPE00120566;1993-02-07;143;46;0;;
SPE00120566;1993-02-08;144;24;0;;
SPE00120566;1993-02-09;142;-26;10;;
SPE00120566;1993-02-10;120;48;30;;
SPE00120566;1993-02-11;122;77;55;;
SPE00120566;1993-02-12;134;53;0;;
SPE00120566;1993-02-13;123;30;0;;
SPE00120566;1993-02-14;135;50;0;;
SPE00120566;1993-02-15;144;30;0;;
SPE00120566;1993-02-16;144;10;0;;
SPE00120566;1993-02-17;142;-12;0;;
SPE00120566;1993-02-18;164;0;0;;
SPE00120566;1993-02-19;176;10;0;;
SPE00120566;1993-02-20;161;12;0;;
SPE00120566;1993-02-21;198;-10;0;;
SPE00120566;1993-02-22;150;6;0;;
SPE00120566;1993-02-23;104;2;0;;
SPE00120566;1993-02-24;122;-26;0;;
SPE00120566;1993-02-25;127;-38;0;;
SPE00120566;1993-02-26;132;0;0;;
SPE00120566;1993-02-27;97;8;0;;
SPE00120566;1993-02-28;74;-36;0;;
SPE00120566;1993-03-01;49;-58;2;;
SPE00120566;1993-03-02;97;-5;0;;
SPE00120566;1993-03-03;135;-6;0;;
SPE00120566;1993-03-04;144;5;0;;
SPE00120566;1993-03-05;166;6;0;;
SPE00120566;1993-03-06;172;10;0;;
SPE00120566;1993-03-07;190;6;0;;
SPE00120566;1993-03-08;192;34;0;;
SPE00120566;1993-03-09;186;38;0;;
SPE00120566;1993-03-10;183;62;2;;
SPE00120566;1993-03-11;134;67;7;;
SPE00120566;1993-03-12;153;62;39;;
SPE00120566;1993-03-13;109;63;215;;
SPE00120566;1993-03-14;122;75;104;;
SPE00120566;1993-03-15;174;56;0;;
SPE00120566;1993-03-16;188;54;0;;
SPE00120566;1993-03-17;217;63;0;;
SPE00120566;1993-03-18;235;65;0;;
SPE00120566;1993-03-19;220;82;0;;
SPE00120566;1993-03-20;228;106;0;;
SPE00120566;1993-03-21;212;104;0;;
SPE00120566;1993-03-22;218;86;0;;
SPE00120566;1993-03-23;212;100;0;;
SPE00120566;1993-03-24;204;57;50;;
SPE00120566;1993-03-25;156;49;0;;
SPE00120566;1993-03-26;170;17;0;;
SPE00120566;1993-03-27;210;1;0;;
SPE00120566;1993-03-28;204;50;0;;
SPE00120566;1993-03-29;208;34;0;;
SPE00120566;1993-03-30;228;40;0;;
SPE00120566;1993-03-31;234;49;0;;
SPE00120566;1993-04-01;164;70;0;;
SPE00120566;1993-04-02;164;27;0;;
SPE00120566;1993-04-03;174;54;0;;
SPE00120566;1993-04-04;204;113;0;;
SPE00120566;1993-04-05;226;70;0;;
SPE00120566;1993-04-06;240;90;0;;
SPE00120566;1993-04-07;264;90;0;;
SPE00120566;1993-04-08;268;81;0;;
SPE00120566;1993-04-09;230;123;0;;
SPE00120566;1993-04-10;192;105;0;;
SPE00120566;1993-04-11;160;90;2;;
SPE00120566;1993-04-12;150;50;10;;
SPE00120566;1993-04-13;156;51;5;;
SPE00120566;1993-04-14;142;26;0;;
SPE00120566;1993-04-15;168;24;0;;
SPE00120566;1993-04-16;194;27;0;;
SPE00120566;1993-04-17;205;25;0;;
SPE00120566;1993-04-18;229;30;0;;
SPE00120566;1993-04-19;252;78;0;;
SPE00120566;1993-04-20;252;76;0;;
SPE00120566;1993-04-21;165;87;20;;
SPE00120566;1993-04-22;210;57;0;;
SPE00120566;1993-04-23;215;52;15;;
SPE00120566;1993-04-24;120;51;19;;
SPE00120566;1993-04-25;128;50;120;;
SPE00120566;1993-04-26;146;48;31;;
SPE00120566;1993-04-27;174;52;5;;
SPE00120566;1993-04-28;142;69;38;;
SPE00120566;1993-04-29;164;66;23;;
SPE00120566;1993-04-30;149;72;3;;
SPE00120566;1993-05-01;181;61;3;;
SPE00120566;1993-05-02;210;74;0;;
SPE00120566;1993-05-03;226;100;0;;
SPE00120566;1993-05-04;176;100;5;;
SPE00120566;1993-05-05;216;96;6;;
SPE00120566;1993-05-06;238;101;52;;
SPE00120566;1993-05-07;227;108;0;;
SPE00120566;1993-05-08;270;103;0;;
SPE00120566;1993-05-09;267;120;43;;
SPE00120566;1993-05-10;204;104;8;;
SPE00120566;1993-05-11;214;100;13;;
SPE00120566;1993-05-12;175;92;115;;
SPE00120566;1993-05-13;194;100;4;;
SPE00120566;1993-05-14;191;92;2;;
SPE00120566;1993-05-15;211;117;0;;
SPE00120566;1993-05-16;257;103;0;;
SPE00120566;1993-05-17;235;118;95;;
SPE00120566;1993-05-18;174;88;0;;
SPE00120566;1993-05-19;174;80;3;;
SPE00120566;1993-05-20;191;54;0;;
SPE00120566;1993-05-21;240;61;0;;
SPE00120566;1993-05-22;245;110;0;;
SPE00120566;1993-05-23;220;114;27;;
SPE00120566;1993-05-24;202;112;389;;
SPE00120566;1993-05-25;206;130;50;;
SPE00120566;1993-05-26;194;111;97;;
SPE00120566;1993-05-27;207;117;8;;
SPE00120566;1993-05-28;239;98;0;;
SPE00120566;1993-05-29;264;112;0;;
SPE00120566;1993-05-30;230;138;0;;
SPE00120566;1993-05-31;290;104;0;;
SPE00120566;1993-06-01;265;154;0;;
SPE00120566;1993-06-02;268;112;0;;
SPE00120566;1993-06-03;305;121;0;;
SPE00120566;1993-06-04;299;147;0;;
SPE00120566;1993-06-05;263;133;617;;
SPE00120566;1993-06-06;232;125;28;;
SPE00120566;1993-06-07;226;132;85;;
SPE00120566;1993-06-08;237;140;36;;
SPE00120566;1993-06-09;245;131;72;;
SPE00120566;1993-06-10;204;136;9;;
SPE00120566;1993-06-11;222;98;0;;
SPE00120566;1993-06-12;252;102;0;;
SPE00120566;1993-06-13;276;128;0;;
SPE00120566;1993-06-14;293;124;0;;
SPE00120566;1993-06-15;314;160;0;;
SPE00120566;1993-06-16;326;158;0;;
SPE00120566;1993-06-17;340;158;0;;
SPE00120566;1993-06-18;333;179;3;;
SPE00120566;1993-06-19;324;164;0;;
SPE00120566;1993-06-20;325;190;0;;
SPE00120566;1993-06-21;256;164;0;;
SPE00120566;1993-06-22;223;133;4;;
SPE00120566;1993-06-23;269;131;0;;
SPE00120566;1993-06-24;307;141;0;;
SPE00120566;1993-06-25;259;178;19;;
SPE00120566;1993-06-26;326;168;0;;
SPE00120566;1993-06-27;352;192;0;;
SPE00120566;1993-06-28;270;183;0;;
SPE00120566;1993-06-29;264;170;0;;
SPE00120566;1993-06-30;286;152;0;;
SPE00120566;1993-07-01;261;140;54;;
SPE00120566;1993-07-02;284;134;0;;
SPE00120566;1993-07-03;279;146;0;;
SPE00120566;1993-07-04;284;150;0;;
SPE00120566;1993-07-05;332;181;0;;
SPE00120566;1993-07-06;321;170;0;;
SPE00120566;1993-07-07;342;150;0;;
SPE00120566;1993-07-08;354;194;0;;
SPE00120566;1993-07-09;353;203;0;;
SPE00120566;1993-07-10;285;170;0;;
SPE00120566;1993-07-11;282;115;0;;
SPE00120566;1993-07-12;322;118;0;;
SPE00120566;1993-07-13;340;162;0;;
SPE00120566;1993-07-14;366;186;0;;
SPE00120566;1993-07-15;384;202;0;;
SPE00120566;1993-07-16;380;210;0;;
SPE00120566;1993-07-17;374;203;0;;
SPE00120566;1993-07-18;372;200;0;;
SPE00120566;1993-07-19;360;194;0;;
SPE00120566;1993-07-20;312;180;0;;
SPE00120566;1993-07-21;304;147;0;;
SPE00120566;1993-07-22;328;158;0;;
SPE00120566;1993-07-23;366;184;0;;
SPE00120566;1993-07-24;380;204;0;;
SPE00120566;1993-07-25;380;208;0;;
SPE00120566;1993-07-26;354;196;0;;
SPE00120566;1993-07-27;373;208;0;;
SPE00120566;1993-07-28;404;224;0;;
SPE00120566;1993-07-29;396;234;0;;
SPE00120566;1993-07-30;340;190;0;;
SPE00120566;1993-07-31;340;174;0;;
SPE00120566;1993-08-01;355;202;0;;
SPE00120566;1993-08-02;366;195;0;;
SPE00120566;1993-08-03;379;220;0;;
SPE00120566;1993-08-04;377;204;34;;
SPE00120566;1993-08-05;384;207;64;;
SPE00120566;1993-08-06;374;196;59;;
SPE00120566;1993-08-07;346;178;0;;
SPE00120566;1993-08-08;338;176;0;;
SPE00120566;1993-08-09;347;164;0;;
SPE00120566;1993-08-10;366;177;0;;
SPE00120566;1993-08-11;380;193;0;;
SPE00120566;1993-08-12;364;237;0;;
SPE00120566;1993-08-13;362;212;0;;
SPE00120566;1993-08-14;306;196;0;;
SPE00120566;1993-08-15;330;160;0;;
SPE00120566;1993-08-16;361;196;0;;
SPE00120566;1993-08-17;333;199;0;;
SPE00120566;1993-08-18;354;207;0;;
SPE00120566;1993-08-19;389;223;0;;
SPE00120566;1993-08-20;411;237;1;;
SPE00120566;1993-08-21;355;216;0;;
SPE00120566;1993-08-22;329;195;0;;
SPE00120566;1993-08-23;320;194;0;;
SPE00120566;1993-08-24;307;190;0;;
SPE00120566;1993-08-25;265;160;0;;
SPE00120566;1993-08-26;237;137;0;;
SPE00120566;1993-08-27;256;112;0;;
SPE00120566;1993-08-28;254;136;0;;
SPE00120566;1993-08-29;255;100;0;;
SPE00120566;1993-08-30;284;160;0;;
SPE00120566;1993-08-31;307;150;0;;
SPE00120566;1993-09-01;343;176;0;;
SPE00120566;1993-09-02;343;172;0;;
SPE00120566;1993-09-03;336;174;0;;
SPE00120566;1993-09-04;314;182;0;;
SPE00120566;1993-09-05;302;164;0;;
SPE00120566;1993-09-06;273;170;0;;
SPE00120566;1993-09-07;278;162;41;;
SPE00120566;1993-09-08;218;145;20;;
SPE00120566;1993-09-09;246;138;0;;
SPE00120566;1993-09-10;247;125;0;;
SPE00120566;1993-09-11;258;116;0;;
SPE00120566;1993-09-12;262;146;0;;
SPE00120566;1993-09-13;206;116;0;;
SPE00120566;1993-09-14;222;87;0;;
SPE00120566;1993-09-15;245;142;0;;
SPE00120566;1993-09-16;272;128;0;;
SPE00120566;1993-09-17;276;145;0;;
SPE00120566;1993-09-18;253;141;0;;
SPE00120566;1993-09-19;290;146;0;;
SPE00120566;1993-09-20;292;144;0;;
SPE00120566;1993-09-21;258;145;18;;
SPE00120566;1993-09-22;218;116;0;;
SPE00120566;1993-09-23;196;100;0;;
SPE00120566;1993-09-24;226;92;0;;
SPE00120566;1993-09-25;244;72;0;;
SPE00120566;1993-09-26;230;80;0;;
SPE00120566;1993-09-27;219;87;0;;
SPE00120566;1993-09-28;229;67;0;;
SPE00120566;1993-09-29;236;104;42;;
SPE00120566;1993-09-30;214;120;0;;
SPE00120566;1993-10-01;210;126;3;;
SPE00120566;1993-10-02;172;116;0;;
SPE00120566;1993-10-03;230;100;0;;
SPE00120566;1993-10-04;239;108;4;;
SPE00120566;1993-10-05;176;124;33;;
SPE00120566;1993-10-06;173;106;0;;
SPE00120566;1993-10-07;168;83;41;;
SPE00120566;1993-10-08;159;80;42;;
SPE00120566;1993-10-09;194;95;14;;
SPE00120566;1993-10-10;222;160;57;;
SPE00120566;1993-10-11;185;114;157;;
SPE00120566;1993-10-12;192;108;1;;
SPE00120566;1993-10-13;172;107;10;;
SPE00120566;1993-10-14;158;90;31;;
SPE00120566;1993-10-15;164;72;33;;
SPE00120566;1993-10-16;191;92;6;;
SPE00120566;1993-10-17;177;99;0;;
SPE00120566;1993-10-18;184;92;0;;
SPE00120566;1993-10-19;200;64;0;;
SPE00120566;1993-10-20;200;71;0;;
SPE00120566;1993-10-21;171;70;0;;
SPE00120566;1993-10-22;148;35;0;;
SPE00120566;1993-10-23;150;17;0;;
SPE00120566;1993-10-24;136;24;0;;
SPE00120566;1993-10-25;158;14;0;;
SPE00120566;1993-10-26;110;69;138;;
SPE00120566;1993-10-27;109;48;197;;
SPE00120566;1993-10-28;140;16;0;;
SPE00120566;1993-10-29;142;35;0;;
SPE00120566;1993-10-30;130;83;66;;
SPE00120566;1993-10-31;146;99;28;;
SPE00120566;1993-11-01;182;115;2;;
SPE00120566;1993-11-02;172;115;4;;
SPE00120566;1993-11-03;150;90;21;;
SPE00120566;1993-11-04;112;72;4;;
SPE00120566;1993-11-05;135;76;5;;
SPE00120566;1993-11-06;114;58;0;;
SPE00120566;1993-11-07;146;48;16;;
SPE00120566;1993-11-08;149;74;0;;
SPE00120566;1993-11-09;155;59;0;;
SPE00120566;1993-11-10;160;29;0;;
SPE00120566;1993-11-11;169;35;0;;
SPE00120566;1993-11-12;154;52;0;;
SPE00120566;1993-11-13;174;74;0;;
SPE00120566;1993-11-14;170;38;0;;
SPE00120566;1993-11-15;180;43;0;;
SPE00120566;1993-11-16;133;-4;0;;
SPE00120566;1993-11-17;131;-5;0;;
SPE00120566;1993-11-18;133;-5;0;;
SPE00120566;1993-11-19;96;-17;0;;
SPE00120566;1993-11-20;116;18;0;;
SPE00120566;1993-11-21;124;-20;0;;
SPE00120566;1993-11-22;88;-12;0;;
SPE00120566;1993-11-23;116;16;0;;
SPE00120566;1993-11-24;137;10;0;;
SPE00120566;1993-11-25;137;16;0;;
SPE00120566;1993-11-26;149;8;0;;
SPE00120566;1993-11-27;136;-6;15;;
SPE00120566;1993-11-28;96;70;26;;
SPE00120566;1993-11-29;127;70;0;;
SPE00120566;1993-11-30;116;68;133;;
SPE00120566;1993-12-01;125;57;0;;
SPE00120566;1993-12-02;155;40;0;;
SPE00120566;1993-12-03;148;12;0;;
SPE00120566;1993-12-04;132;8;0;;
SPE00120566;1993-12-05;68;12;0;;
SPE00120566;1993-12-06;130;52;0;;
SPE00120566;1993-12-07;120;-6;0;;
SPE00120566;1993-12-08;101;31;0;;
SPE00120566;1993-12-09;42;19;0;;
SPE00120566;1993-12-10;85;5;0;;
SPE00120566;1993-12-11;64;2;0;;
SPE00120566;1993-12-12;106;4;0;;
SPE00120566;1993-12-13;116;-22;8;;
SPE00120566;1993-12-14;66;21;32;;
SPE00120566;1993-12-15;102;-2;0;;
SPE00120566;1993-12-16;126;43;0;;
SPE00120566;1993-12-17;75;0;0;;
SPE00120566;1993-12-18;54;24;0;;
SPE00120566;1993-12-19;94;44;0;;
SPE00120566;1993-12-20;60;41;0;;
SPE00120566;1993-12-21;120;44;0;;
SPE00120566;1993-12-22;101;-8;0;;
SPE00120566;1993-12-23;93;-38;0;;
SPE00120566;1993-12-24;137;-4;0;;
SPE00120566;1993-12-25;113;20;0;;
SPE00120566;1993-12-26;156;71;0;;
SPE00120566;1993-12-27;125;43;0;;
SPE00120566;1993-12-28;106;31;0;;
SPE00120566;1993-12-29;106;48;0;;
SPE00120566;1993-12-30;114;87;0;;
SPE00120566;1993-12-31;142;91;0;;
SPE00120566;1994-01-01;148;64;0;;
SPE00120566;1994-01-02;120;62;0;;
SPE00120566;1994-01-03;154;90;34;;
SPE00120566;1994-01-04;115;46;0;;
SPE00120566;1994-01-05;103;27;94;;
SPE00120566;1994-01-06;86;14;153;;
SPE00120566;1994-01-07;94;5;0;;
SPE00120566;1994-01-08;77;4;6;;
SPE00120566;1994-01-09;134;70;79;;
SPE00120566;1994-01-10;128;46;0;;
SPE00120566;1994-01-11;92;29;12;;
SPE00120566;1994-01-12;128;78;0;;
SPE00120566;1994-01-13;127;77;0;;
SPE00120566;1994-01-14;132;27;0;;
SPE00120566;1994-01-15;128;29;0;;
SPE00120566;1994-01-16;97;24;0;;
SPE00120566;1994-01-17;88;-8;0;;
SPE00120566;1994-01-18;80;-24;0;;
SPE00120566;1994-01-19;74;-46;0;;
SPE00120566;1994-01-20;104;-41;0;;
SPE00120566;1994-01-21;107;-28;0;;
SPE00120566;1994-01-22;98;-30;0;;
SPE00120566;1994-01-23;110;-44;0;;
SPE00120566;1994-01-24;144;-26;0;;
SPE00120566;1994-01-25;138;-16;0;;
SPE00120566;1994-01-26;150;-12;0;;
SPE00120566;1994-01-27;158;-18;0;;
SPE00120566;1994-01-28;158;-9;0;;
SPE00120566;1994-01-29;154;-3;0;;
SPE00120566;1994-01-30;123;6;0;;
SPE00120566;1994-01-31;152;-40;0;;
SPE00120566;1994-02-01;152;-24;0;;
SPE00120566;1994-02-02;123;-15;7;;
SPE00120566;1994-02-03;99;19;63;;
SPE00120566;1994-02-04;68;-10;0;;
SPE00120566;1994-02-05;88;-30;0;;
SPE00120566;1994-02-06;92;-36;0;;
SPE00120566;1994-02-07;110;31;44;;
SPE00120566;1994-02-08;106;23;0;;
SPE00120566;1994-02-09;138;-17;0;;
SPE00120566;1994-02-10;162;-17;0;;
SPE00120566;1994-02-11;179;-19;0;;
SPE00120566;1994-02-12;153;16;0;;
SPE00120566;1994-02-13;173;4;0;;
SPE00120566;1994-02-14;112;50;1;;
SPE00120566;1994-02-15;116;30;1;;
SPE00120566;1994-02-16;84;36;5;;
SPE00120566;1994-02-17;147;-5;0;;
SPE00120566;1994-02-18;155;29;0;;
SPE00120566;1994-02-19;138;22;3;;
SPE00120566;1994-02-20;154;70;1;;
SPE00120566;1994-02-21;134;27;0;;
SPE00120566;1994-02-22;167;58;6;;
SPE00120566;1994-02-23;142;88;1;;
SPE00120566;1994-02-24;150;71;0;;
SPE00120566;1994-02-25;189;15;0;;
SPE00120566;1994-02-26;202;80;45;;
SPE00120566;1994-02-27;133;63;33;;
SPE00120566;1994-02-28;120;68;3;;
SPE00120566;1994-03-01;164;60;0;;
SPE00120566;1994-03-02;177;19;0;;
SPE00120566;1994-03-03;200;44;0;;
SPE00120566;1994-03-04;222;72;0;;
SPE00120566;1994-03-05;178;57;0;;
SPE00120566;1994-03-06;198;76;0;;
SPE00120566;1994-03-07;203;32;0;;
SPE00120566;1994-03-08;216;62;0;;
SPE00120566;1994-03-09;220;43;0;;
SPE00120566;1994-03-10;224;48;0;;
SPE00120566;1994-03-11;199;70;0;;
SPE00120566;1994-03-12;187;64;0;;
SPE00120566;1994-03-13;186;64;0;;
SPE00120566;1994-03-14;212;40;0;;
SPE00120566;1994-03-15;219;38;0;;
SPE00120566;1994-03-16;240;43;0;;
SPE00120566;1994-03-17;237;52;0;;
SPE00120566;1994-03-18;237;49;0;;
SPE00120566;1994-03-19;236;72;0;;
SPE00120566;1994-03-20;204;60;0;;
SPE00120566;1994-03-21;212;42;0;;
SPE00120566;1994-03-22;186;61;0;;
SPE00120566;1994-03-23;220;47;0;;
SPE00120566;1994-03-24;253;65;0;;
SPE00120566;1994-03-25;264;58;0;;
SPE00120566;1994-03-26;219;102;0;;
SPE00120566;1994-03-27;218;40;0;;
SPE00120566;1994-03-28;227;84;0;;
SPE00120566;1994-03-29;231;91;0;;
SPE00120566;1994-03-30;210;75;0;;
SPE00120566;1994-03-31;212;115;0;;
SPE00120566;1994-04-01;196;88;0;;
SPE00120566;1994-04-02;174;36;0;;
SPE00120566;1994-04-03;179;56;0;;
SPE00120566;1994-04-04;221;72;0;;
SPE00120566;1994-04-05;182;60;0;;
SPE00120566;1994-04-06;206;52;0;;
SPE00120566;1994-04-07;219;75;0;;
SPE00120566;1994-04-08;214;54;0;;
SPE00120566;1994-04-09;214;56;0;;
SPE00120566;1994-04-10;202;72;0;;
SPE00120566;1994-04-11;158;34;0;;
SPE00120566;1994-04-12;188;12;0;;
SPE00120566;1994-04-13;211;30;0;;
SPE00120566;1994-04-14;189;35;0;;
SPE00120566;1994-04-15;80;28;31;;
SPE00120566;1994-04-16;125;-19;0;;
SPE00120566;1994-04-17;159;-14;0;;
SPE00120566;1994-04-18;184;20;0;;
SPE00120566;1994-04-19;132;58;28;;
SPE00120566;1994-04-20;169;39;29;;
SPE00120566;1994-04-21;160;81;0;;
SPE00120566;1994-04-22;164;69;6;;
SPE00120566;1994-04-23;194;72;116;;
SPE00120566;1994-04-24;154;56;0;;
SPE00120566;1994-04-25;178;50;0;;
SPE00120566;1994-04-26;238;69;0;;
SPE00120566;1994-04-27;282;90;0;;
SPE00120566;1994-04-28;292;119;0;;
SPE00120566;1994-04-29;298;123;0;;
SPE00120566;1994-04-30;301;139;0;;
SPE00120566;1994-05-01;305;128;0;;
SPE00120566;1994-05-02;316;136;0;;
SPE00120566;1994-05-03;320;150;0;;
SPE00120566;1994-05-04;314;179;0;;
SPE00120566;1994-05-05;284;110;0;;
SPE00120566;1994-05-06;315;123;10;;
SPE00120566;1994-05-07;223;115;57;;
SPE00120566;1994-05-08;214;73;0;;
SPE00120566;1994-05-09;234;116;0;;
SPE00120566;1994-05-10;272;94;0;;
SPE00120566;1994-05-11;183;98;0;;
SPE00120566;1994-05-12;214;68;24;;
SPE00120566;1994-05-13;153;100;43;;
SPE00120566;1994-05-14;193;96;1;;
SPE00120566;1994-05-15;166;104;51;;
SPE00120566;1994-05-16;184;96;31;;
SPE00120566;1994-05-17;160;88;5;;
SPE00120566;1994-05-18;193;99;0;;
SPE00120566;1994-05-19;160;112;37;;
SPE00120566;1994-05-20;187;92;0;;
SPE00120566;1994-05-21;213;111;0;;
SPE00120566;1994-05-22;238;130;0;;
SPE00120566;1994-05-23;212;143;1;;
SPE00120566;1994-05-24;242;135;0;;
SPE00120566;1994-05-25;270;113;0;;
SPE00120566;1994-05-26;262;123;0;;
SPE00120566;1994-05-27;303;105;0;;
SPE00120566;1994-05-28;288;138;0;;
SPE00120566;1994-05-29;323;135;0;;
SPE00120566;1994-05-30;328;180;0;;
SPE00120566;1994-05-31;345;163;0;;
SPE00120566;1994-06-01;300;158;0;;
SPE00120566;1994-06-02;238;125;0;;
SPE00120566;1994-06-03;272;116;0;;
SPE00120566;1994-06-04;307;125;0;;
SPE00120566;1994-06-05;342;164;0;;
SPE00120566;1994-06-06;348;170;0;;
SPE00120566;1994-06-07;344;174;20;;
SPE00120566;1994-06-08;327;158;0;;
SPE00120566;1994-06-09;295;143;0;;
SPE00120566;1994-06-10;301;127;0;;
SPE00120566;1994-06-11;280;129;0;;
SPE00120566;1994-06-12;240;104;0;;
SPE00120566;1994-06-13;282;104;0;;
SPE00120566;1994-06-14;304;114;0;;
SPE00120566;1994-06-15;341;152;0;;
SPE00120566;1994-06-16;326;192;0;;
SPE00120566;1994-06-17;306;192;0;;
SPE00120566;1994-06-18;290;174;0;;
SPE00120566;1994-06-19;294;143;0;;
SPE00120566;1994-06-20;312;154;0;;
SPE00120566;1994-06-21;336;170;0;;
SPE00120566;1994-06-22;338;183;0;;
SPE00120566;1994-06-23;348;183;0;;
SPE00120566;1994-06-24;347;195;0;;
SPE00120566;1994-06-25;246;143;0;;
SPE00120566;1994-06-26;292;132;0;;
SPE00120566;1994-06-27;340;162;0;;
SPE00120566;1994-06-28;373;180;0;;
SPE00120566;1994-06-29;399;189;0;;
SPE00120566;1994-06-30;407;214;0;;
SPE00120566;1994-07-01;388;232;0;;
SPE00120566;1994-07-02;393;212;0;;
SPE00120566;1994-07-03;375;211;0;;
SPE00120566;1994-07-04;380;212;0;;
SPE00120566;1994-07-05;354;210;0;;
SPE00120566;1994-07-06;337;175;0;;
SPE00120566;1994-07-07;354;175;0;;
SPE00120566;1994-07-08;362;200;0;;
SPE00120566;1994-07-09;372;202;0;;
SPE00120566;1994-07-10;380;218;0;;
SPE00120566;1994-07-11;386;202;0;;
SPE00120566;1994-07-12;375;200;0;;
SPE00120566;1994-07-13;376;202;0;;
SPE00120566;1994-07-14;393;196;0;;
SPE00120566;1994-07-15;388;252;0;;
SPE00120566;1994-07-16;361;225;0;;
SPE00120566;1994-07-17;340;194;0;;
SPE00120566;1994-07-18;364;203;0;;
SPE00120566;1994-07-19;378;214;0;;
SPE00120566;1994-07-20;390;190;0;;
SPE00120566;1994-07-21;366;210;0;;
SPE00120566;1994-07-22;363;190;0;;
SPE00120566;1994-07-23;356;195;0;;
SPE00120566;1994-07-24;354;192;0;;
SPE00120566;1994-07-25;352;181;0;;
SPE00120566;1994-07-26;374;212;0;;
SPE00120566;1994-07-27;387;230;0;;
SPE00120566;1994-07-28;394;230;27;;
SPE00120566;1994-07-29;377;216;0;;
SPE00120566;1994-07-30;347;184;0;;
SPE00120566;1994-07-31;297;177;0;;
SPE00120566;1994-08-01;312;164;0;;
SPE00120566;1994-08-02;366;186;0;;
SPE00120566;1994-08-03;376;223;0;;
SPE00120566;1994-08-04;356;221;0;;
SPE00120566;1994-08-05;374;218;0;;
SPE00120566;1994-08-06;384;221;0;;
SPE00120566;1994-08-07;370;208;0;;
SPE00120566;1994-08-08;374;200;0;;
SPE00120566;1994-08-09;287;191;0;;
SPE00120566;1994-08-10;269;163;0;;
SPE00120566;1994-08-11;308;162;0;;
SPE00120566;1994-08-12;350;166;0;;
SPE00120566;1994-08-13;355;190;0;;
SPE00120566;1994-08-14;364;201;0;;
SPE00120566;1994-08-15;358;176;0;;
SPE00120566;1994-08-16;382;212;0;;
SPE00120566;1994-08-17;379;214;0;;
SPE00120566;1994-08-18;380;196;0;;
SPE00120566;1994-08-19;380;202;0;;
SPE00120566;1994-08-20;368;258;0;;
SPE00120566;1994-08-21;376;222;0;;
SPE00120566;1994-08-22;383;184;0;;
SPE00120566;1994-08-23;340;188;0;;
SPE00120566;1994-08-24;316;180;0;;
SPE00120566;1994-08-25;344;187;0;;
SPE00120566;1994-08-26;365;194;0;;
SPE00120566;1994-08-27;388;204;0;;
SPE00120566;1994-08-28;385;206;0;;
SPE00120566;1994-08-29;370;201;0;;
SPE00120566;1994-08-30;330;207;0;;
SPE00120566;1994-08-31;297;182;0;;
SPE00120566;1994-09-01;313;160;0;;
SPE00120566;1994-09-02;314;156;0;;
SPE00120566;1994-09-03;334;140;0;;
SPE00120566;1994-09-04;314;192;0;;
SPE00120566;1994-09-05;305;152;0;;
SPE00120566;1994-09-06;342;172;0;;
SPE00120566;1994-09-07;339;189;0;;
SPE00120566;1994-09-08;270;126;0;;
SPE00120566;1994-09-09;286;131;0;;
SPE00120566;1994-09-10;312;159;0;;
SPE00120566;1994-09-11;329;181;0;;
SPE00120566;1994-09-12;276;188;0;;
SPE00120566;1994-09-13;230;148;0;;
SPE00120566;1994-09-14;209;111;0;;
SPE00120566;1994-09-15;235;84;0;;
SPE00120566;1994-09-16;275;152;0;;
SPE00120566;1994-09-17;239;98;0;;
SPE00120566;1994-09-18;238;78;0;;
SPE00120566;1994-09-19;276;82;0;;
SPE00120566;1994-09-20;298;142;0;;
SPE00120566;1994-09-21;213;115;0;;
SPE00120566;1994-09-22;193;73;8;;
SPE00120566;1994-09-23;148;78;4;;
SPE00120566;1994-09-24;198;108;0;;
SPE00120566;1994-09-25;234;96;0;;
SPE00120566;1994-09-26;235;98;0;;
SPE00120566;1994-09-27;220;130;0;;
SPE00120566;1994-09-28;226;123;49;;
SPE00120566;1994-09-29;239;139;0;;
SPE00120566;1994-09-30;250;136;0;;
SPE00120566;1994-10-01;259;130;3;;
SPE00120566;1994-10-02;264;126;0;;
SPE00120566;1994-10-03;278;103;0;;
SPE00120566;1994-10-04;234;124;11;;
SPE00120566;1994-10-05;215;136;1;;
SPE00120566;1994-10-06;224;132;0;;
SPE00120566;1994-10-07;232;109;0;;
SPE00120566;1994-10-08;233;102;0;;
SPE00120566;1994-10-09;216;134;0;;
SPE00120566;1994-10-10;236;148;27;;
SPE00120566;1994-10-11;255;116;0;;
SPE00120566;1994-10-12;265;116;0;;
SPE00120566;1994-10-13;273;115;10;;
SPE00120566;1994-10-14;199;158;90;;
SPE00120566;1994-10-15;230;153;0;;
SPE00120566;1994-10-16;236;111;0;;
SPE00120566;1994-10-17;228;96;0;;
SPE00120566;1994-10-18;216;106;0;;
SPE00120566;1994-10-19;184;129;12;;
SPE00120566;1994-10-20;186;88;0;;
SPE00120566;1994-10-21;189;101;0;;
SPE00120566;1994-10-22;223;141;16;;
SPE00120566;1994-10-23;196;110;0;;
SPE00120566;1994-10-24;188;79;0;;
SPE00120566;1994-10-25;203;98;5;;
SPE00120566;1994-10-26;193;133;0;;
SPE00120566;1994-10-27;168;112;20;;
SPE00120566;1994-10-28;191;90;0;;
SPE00120566;1994-10-29;202;52;0;;
SPE00120566;1994-10-30;228;53;0;;
SPE00120566;1994-10-31;196;55;0;;
SPE00120566;1994-11-01;222;59;0;;
SPE00120566;1994-11-02;206;95;0;;
SPE00120566;1994-11-03;179;88;44;;
SPE00120566;1994-11-04;116;74;69;;
SPE00120566;1994-11-05;137;77;0;;
SPE00120566;1994-11-06;137;73;75;;
SPE00120566;1994-11-07;160;98;4;;
SPE00120566;1994-11-08;172;108;114;;
SPE00120566;1994-11-09;160;106;18;;
SPE00120566;1994-11-10;174;99;0;;
SPE00120566;1994-11-11;208;115;0;;
SPE00120566;1994-11-12;181;96;28;;
SPE00120566;1994-11-13;178;56;0;;
SPE00120566;1994-11-14;183;34;0;;
SPE00120566;1994-11-15;190;34;0;;
SPE00120566;1994-11-16;187;30;0;;
SPE00120566;1994-11-17;181;75;0;;
SPE00120566;1994-11-18;191;48;0;;
SPE00120566;1994-11-19;184;30;0;;
SPE00120566;1994-11-20;187;25;0;;
SPE00120566;1994-11-21;202;38;0;;
SPE00120566;1994-11-22;200;50;0;;
SPE00120566;1994-11-23;176;64;0;;
SPE00120566;1994-11-24;135;41;0;;
SPE00120566;1994-11-25;155;43;0;;
SPE00120566;1994-11-26;150;20;0;;
SPE00120566;1994-11-27;140;0;0;;
SPE00120566;1994-11-28;147;28;0;;
SPE00120566;1994-11-29;164;80;0;;
SPE00120566;1994-11-30;170;60;0;;
SPE00120566;1994-12-01;169;50;0;;
SPE00120566;1994-12-02;176;93;0;;
SPE00120566;1994-12-03;144;103;0;;
SPE00120566;1994-12-04;164;95;0;;
SPE00120566;1994-12-05;156;80;0;;
SPE00120566;1994-12-06;150;71;0;;
SPE00120566;1994-12-07;132;64;51;;
SPE00120566;1994-12-08;127;34;1;;
SPE00120566;1994-12-09;139;45;0;;
SPE00120566;1994-12-10;167;76;0;;
SPE00120566;1994-12-11;157;28;0;;
SPE00120566;1994-12-12;178;42;0;;
SPE00120566;1994-12-13;186;42;0;;
SPE00120566;1994-12-14;157;29;1;;
SPE00120566;1994-12-15;94;46;1;;
SPE00120566;1994-12-16;98;31;0;;
SPE00120566;1994-12-17;110;26;0;;
SPE00120566;1994-12-18;99;52;9;;
SPE00120566;1994-12-19;104;30;0;;
SPE00120566;1994-12-20;114;-7;0;;
SPE00120566;1994-12-21;117;10;0;;
SPE00120566;1994-12-22;114;2;0;;
SPE00120566;1994-12-23;82;-19;0;;
SPE00120566;1994-12-24;86;-37;0;;
SPE00120566;1994-12-25;79;-50;0;;
SPE00120566;1994-12-26;72;-75;0;;
SPE00120566;1994-12-27;75;-59;0;;
SPE00120566;1994-12-28;92;-55;0;;
SPE00120566;1994-12-29;92;-38;0;;
SPE00120566;1994-12-30;163;67;0;;
SPE00120566;1994-12-31;173;123;102;;
SPE00120566;1995-01-01;156;10;4;;
SPE00120566;1995-01-02;92;-14;0;;
SPE00120566;1995-01-03;80;-28;0;;
SPE00120566;1995-01-04;79;-20;0;;
SPE00120566;1995-01-05;137;38;0;;
SPE00120566;1995-01-06;136;39;0;;
SPE00120566;1995-01-07;116;4;0;;
SPE00120566;1995-01-08;106;-26;0;;
SPE00120566;1995-01-09;134;17;0;;
SPE00120566;1995-01-10;132;-2;0;;
SPE00120566;1995-01-11;164;-14;0;;
SPE00120566;1995-01-12;155;20;0;;
SPE00120566;1995-01-13;122;-36;0;;
SPE00120566;1995-01-14;123;-22;0;;
SPE00120566;1995-01-15;150;-40;0;;
SPE00120566;1995-01-16;140;-36;0;;
SPE00120566;1995-01-17;136;30;3;;
SPE00120566;1995-01-18;136;39;22;;
SPE00120566;1995-01-19;115;18;0;;
SPE00120566;1995-01-20;136;38;7;;
SPE00120566;1995-01-21;116;0;0;;
SPE00120566;1995-01-22;128;30;0;;
SPE00120566;1995-01-23;146;74;0;;
SPE00120566;1995-01-24;164;112;0;;
SPE00120566;1995-01-25;172;90;0;;
SPE00120566;1995-01-26;149;74;0;;
SPE00120566;1995-01-27;143;58;0;;
SPE00120566;1995-01-28;144;64;0;;
SPE00120566;1995-01-29;138;50;0;;
SPE00120566;1995-01-30;167;84;10;;
SPE00120566;1995-01-31;142;46;0;;
SPE00120566;1995-02-01;127;58;0;;
SPE00120566;1995-02-02;142;26;0;;
SPE00120566;1995-02-03;154;-1;0;;
SPE00120566;1995-02-04;177;-21;0;;
SPE00120566;1995-02-05;196;-2;0;;
SPE00120566;1995-02-06;196;2;0;;
SPE00120566;1995-02-07;158;60;0;;
SPE00120566;1995-02-08;144;68;3;;
SPE00120566;1995-02-09;149;103;7;;
SPE00120566;1995-02-10;110;62;50;;
SPE00120566;1995-02-11;129;22;0;;
SPE00120566;1995-02-12;104;58;92;;
SPE00120566;1995-02-13;158;98;8;;
SPE00120566;1995-02-14;176;116;0;;
SPE00120566;1995-02-15;176;110;0;;
SPE00120566;1995-02-16;176;100;0;;
SPE00120566;1995-02-17;178;96;0;;
SPE00120566;1995-02-18;134;36;0;;
SPE00120566;1995-02-19;164;-3;0;;
SPE00120566;1995-02-20;188;16;0;;
SPE00120566;1995-02-21;168;45;0;;
SPE00120566;1995-02-22;137;30;0;;
SPE00120566;1995-02-23;149;-4;0;;
SPE00120566;1995-02-24;202;64;0;;
SPE00120566;1995-02-25;173;92;0;;
SPE00120566;1995-02-26;116;25;1;;
SPE00120566;1995-02-27;125;-10;0;;
SPE00120566;1995-02-28;129;-12;0;;
SPE00120566;1995-03-01;184;10;0;;
SPE00120566;1995-03-02;164;18;0;;
SPE00120566;1995-03-03;144;39;0;;
SPE00120566;1995-03-04;138;15;0;;
SPE00120566;1995-03-05;180;98;0;;
SPE00120566;1995-03-06;136;56;0;;
SPE00120566;1995-03-07;145;-4;0;;
SPE00120566;1995-03-08;145;15;0;;
SPE00120566;1995-03-09;193;1;0;;
SPE00120566;1995-03-10;189;67;0;;
SPE00120566;1995-03-11;176;103;0;;
SPE00120566;1995-03-12;224;90;0;;
SPE00120566;1995-03-13;196;46;0;;
SPE00120566;1995-03-14;200;60;0;;
SPE00120566;1995-03-15;205;18;0;;
SPE00120566;1995-03-16;182;42;0;;
SPE00120566;1995-03-17;198;43;0;;
SPE00120566;1995-03-18;218;65;0;;
SPE00120566;1995-03-19;227;54;0;;
SPE00120566;1995-03-20;226;72;0;;
SPE00120566;1995-03-21;220;74;0;;
SPE00120566;1995-03-22;206;65;0;;
SPE00120566;1995-03-23;196;46;0;;
SPE00120566;1995-03-24;227;36;0;;
SPE00120566;1995-03-25;231;71;0;;
SPE00120566;1995-03-26;242;60;0;;
SPE00120566;1995-03-27;242;66;0;;
SPE00120566;1995-03-28;232;80;0;;
SPE00120566;1995-03-29;242;100;0;;
SPE00120566;1995-03-30;203;76;0;;
SPE00120566;1995-03-31;189;51;0;;
SPE00120566;1995-04-01;230;38;0;;
SPE00120566;1995-04-02;240;63;0;;
SPE00120566;1995-04-03;236;74;0;;
SPE00120566;1995-04-04;246;88;0;;
SPE00120566;1995-04-05;258;82;0;;
SPE00120566;1995-04-06;267;87;0;;
SPE00120566;1995-04-07;278;84;0;;
SPE00120566;1995-04-08;276;98;0;;
SPE00120566;1995-04-09;304;99;0;;
SPE00120566;1995-04-10;296;120;0;;
SPE00120566;1995-04-11;288;122;0;;
SPE00120566;1995-04-12;292;103;0;;
SPE00120566;1995-04-13;279;116;0;;
SPE00120566;1995-04-14;224;105;0;;
SPE00120566;1995-04-15;228;78;0;;
SPE00120566;1995-04-16;226;68;0;;
SPE00120566;1995-04-17;238;50;0;;
SPE00120566;1995-04-18;267;85;0;;
SPE00120566;1995-04-19;234;105;0;;
SPE00120566;1995-04-20;201;69;0;;
SPE00120566;1995-04-21;143;36;0;;
SPE00120566;1995-04-22;124;40;0;;
SPE00120566;1995-04-23;139;-14;0;;
SPE00120566;1995-04-24;154;20;0;;
SPE00120566;1995-04-25;166;30;0;;
SPE00120566;1995-04-26;191;57;22;;
SPE00120566;1995-04-27;120;80;63;;
SPE00120566;1995-04-28;200;94;1;;
SPE00120566;1995-04-29;249;110;0;;
SPE00120566;1995-04-30;279;102;0;;
SPE00120566;1995-05-01;296;136;0;;
SPE00120566;1995-05-02;290;157;1;;
SPE00120566;1995-05-03;285;125;0;;
SPE00120566;1995-05-04;300;124;0;;
SPE00120566;1995-05-05;279;140;0;;
SPE00120566;1995-05-06;274;150;10;;
SPE00120566;1995-05-07;298;137;0;;
SPE00120566;1995-05-08;298;158;8;;
SPE00120566;1995-05-09;257;133;15;;
SPE00120566;1995-05-10;272;135;0;;
SPE00120566;1995-05-11;207;115;1;;
SPE00120566;1995-05-12;209;100;1;;
SPE00120566;1995-05-13;227;50;0;;
SPE00120566;1995-05-14;269;94;0;;
SPE00120566;1995-05-15;266;156;6;;
SPE00120566;1995-05-16;240;145;0;;
SPE00120566;1995-05-17;283;157;0;;
SPE00120566;1995-05-18;268;168;0;;
SPE00120566;1995-05-19;283;135;0;;
SPE00120566;1995-05-20;278;132;0;;
SPE00120566;1995-05-21;286;114;0;;
SPE00120566;1995-05-22;286;146;0;;
SPE00120566;1995-05-23;306;122;0;;
SPE00120566;1995-05-24;271;144;0;;
SPE00120566;1995-05-25;237;125;0;;
SPE00120566;1995-05-26;289;116;0;;
SPE00120566;1995-05-27;306;150;0;;
SPE00120566;1995-05-28;341;163;0;;
SPE00120566;1995-05-29;320;176;0;;
SPE00120566;1995-05-30;262;130;0;;
SPE00120566;1995-05-31;267;102;0;;
SPE00120566;1995-06-01;286;89;0;;
SPE00120566;1995-06-02;305;130;0;;
SPE00120566;1995-06-03;312;142;0;;
SPE00120566;1995-06-04;328;164;0;;
SPE00120566;1995-06-05;340;170;0;;
SPE00120566;1995-06-06;310;164;0;;
SPE00120566;1995-06-07;306;167;39;;
SPE00120566;1995-06-08;267;152;18;;
SPE00120566;1995-06-09;269;157;5;;
SPE00120566;1995-06-10;277;138;0;;
SPE00120566;1995-06-11;286;132;0;;
SPE00120566;1995-06-12;290;146;0;;
SPE00120566;1995-06-13;282;160;0;;
SPE00120566;1995-06-14;305;142;0;;
SPE00120566;1995-06-15;315;155;0;;
SPE00120566;1995-06-16;303;156;0;;
SPE00120566;1995-06-17;316;186;0;;
SPE00120566;1995-06-18;340;200;0;;
SPE00120566;1995-06-19;364;206;0;;
SPE00120566;1995-06-20;310;214;0;;
SPE00120566;1995-06-21;341;171;0;;
SPE00120566;1995-06-22;353;200;3;;
SPE00120566;1995-06-23;346;190;0;;
SPE00120566;1995-06-24;318;184;0;;
SPE00120566;1995-06-25;271;156;22;;
SPE00120566;1995-06-26;246;148;0;;
SPE00120566;1995-06-27;290;182;0;;
SPE00120566;1995-06-28;312;177;10;;
SPE00120566;1995-06-29;318;188;58;;
SPE00120566;1995-06-30;332;180;0;;
SPE00120566;1995-07-01;299;202;0;;
SPE00120566;1995-07-02;267;165;0;;
SPE00120566;1995-07-03;264;160;0;;
SPE00120566;1995-07-04;277;145;0;;
SPE00120566;1995-07-05;306;146;0;;
SPE00120566;1995-07-06;346;179;0;;
SPE00120566;1995-07-07;354;197;0;;
SPE00120566;1995-07-08;309;176;13;;
SPE00120566;1995-07-09;314;171;0;;
SPE00120566;1995-07-10;306;202;0;;
SPE00120566;1995-07-11;312;185;0;;
SPE00120566;1995-07-12;340;197;0;;
SPE00120566;1995-07-13;310;197;0;;
SPE00120566;1995-07-14;310;163;0;;
SPE00120566;1995-07-15;340;184;0;;
SPE00120566;1995-07-16;378;216;0;;
SPE00120566;1995-07-17;388;224;0;;
SPE00120566;1995-07-18;402;232;0;;
SPE00120566;1995-07-19;418;232;0;;
SPE00120566;1995-07-20;422;258;0;;
SPE00120566;1995-07-21;404;232;0;;
SPE00120566;1995-07-22;402;246;0;;
SPE00120566;1995-07-23;414;217;0;;
SPE00120566;1995-07-24;424;246;5;;
SPE00120566;1995-07-25;326;228;0;;
SPE00120566;1995-07-26;318;168;0;;
SPE00120566;1995-07-27;356;184;0;;
SPE00120566;1995-07-28;390;223;0;;
SPE00120566;1995-07-29;394;221;0;;
SPE00120566;1995-07-30;389;213;0;;
SPE00120566;1995-07-31;375;221;0;;
SPE00120566;1995-08-01;370;219;0;;
SPE00120566;1995-08-02;365;210;0;;
SPE00120566;1995-08-03;338;194;0;;
SPE00120566;1995-08-04;306;170;0;;
SPE00120566;1995-08-05;326;182;0;;
SPE00120566;1995-08-06;336;192;0;;
SPE00120566;1995-08-07;336;192;0;;
SPE00120566;1995-08-08;334;198;0;;
SPE00120566;1995-08-09;324;217;7;;
SPE00120566;1995-08-10;326;194;1;;
SPE00120566;1995-08-11;362;188;0;;
SPE00120566;1995-08-12;386;200;0;;
SPE00120566;1995-08-13;381;213;0;;
SPE00120566;1995-08-14;356;212;0;;
SPE00120566;1995-08-15;365;204;0;;
SPE00120566;1995-08-16;374;224;0;;
SPE00120566;1995-08-17;353;235;0;;
SPE00120566;1995-08-18;324;184;0;;
SPE00120566;1995-08-19;350;200;0;;
SPE00120566;1995-08-20;344;210;0;;
SPE00120566;1995-08-21;316;172;48;;
SPE00120566;1995-08-22;294;162;0;;
SPE00120566;1995-08-23;303;165;0;;
SPE00120566;1995-08-24;309;163;0;;
SPE00120566;1995-08-25;315;158;0;;
SPE00120566;1995-08-26;328;175;0;;
SPE00120566;1995-08-27;345;167;0;;
SPE00120566;1995-08-28;349;174;0;;
SPE00120566;1995-08-29;342;146;0;;
SPE00120566;1995-08-30;344;166;0;;
SPE00120566;1995-08-31;334;182;0;;
SPE00120566;1995-09-01;332;178;10;;
SPE00120566;1995-09-02;330;180;0;;
SPE00120566;1995-09-03;302;184;0;;
SPE00120566;1995-09-04;269;186;0;;
SPE00120566;1995-09-05;204;124;7;;
SPE00120566;1995-09-06;244;148;6;;
SPE00120566;1995-09-07;247;162;0;;
SPE00120566;1995-09-08;262;132;0;;
SPE00120566;1995-09-09;287;127;0;;
SPE00120566;1995-09-10;273;150;0;;
SPE00120566;1995-09-11;282;160;0;;
SPE00120566;1995-09-12;242;152;0;;
SPE00120566;1995-09-13;242;124;0;;
SPE00120566;1995-09-14;276;136;0;;
SPE00120566;1995-09-15;261;162;0;;
SPE00120566;1995-09-16;256;138;0;;
SPE00120566;1995-09-17;231;128;38;;
SPE00120566;1995-09-18;212;122;5;;
SPE00120566;1995-09-19;190;100;0;;
SPE00120566;1995-09-20;239;115;0;;
SPE00120566;1995-09-21;233;103;0;;
SPE00120566;1995-09-22;251;105;0;;
SPE00120566;1995-09-23;226;106;0;;
SPE00120566;1995-09-24;234;96;0;;
SPE00120566;1995-09-25;236;101;0;;
SPE00120566;1995-09-26;206;76;0;;
SPE00120566;1995-09-27;263;57;0;;
SPE00120566;1995-09-28;296;96;0;;
SPE00120566;1995-09-29;308;130;0;;
SPE00120566;1995-09-30;294;142;0;;
SPE00120566;1995-10-01;314;134;0;;
SPE00120566;1995-10-02;296;152;0;;
SPE00120566;1995-10-03;290;182;0;;
SPE00120566;1995-10-04;262;152;0;;
SPE00120566;1995-10-05;246;142;0;;
SPE00120566;1995-10-06;264;132;0;;
SPE00120566;1995-10-07;272;142;0;;
SPE00120566;1995-10-08;268;146;0;;
SPE00120566;1995-10-09;264;146;0;;
SPE00120566;1995-10-10;268;130;0;;
SPE00120566;1995-10-11;232;142;0;;
SPE00120566;1995-10-12;239;138;0;;
SPE00120566;1995-10-13;242;124;0;;
SPE00120566;1995-10-14;236;124;1;;
SPE00120566;1995-10-15;245;98;0;;
SPE00120566;1995-10-16;262;84;0;;
SPE00120566;1995-10-17;256;106;0;;
SPE00120566;1995-10-18;264;77;0;;
SPE00120566;1995-10-19;267;132;0;;
SPE00120566;1995-10-20;239;120;0;;
SPE00120566;1995-10-21;233;94;0;;
SPE00120566;1995-10-22;234;96;0;;
SPE00120566;1995-10-23;242;86;18;;
SPE00120566;1995-10-24;190;142;8;;
SPE00120566;1995-10-25;254;146;0;;
SPE00120566;1995-10-26;263;128;0;;
SPE00120566;1995-10-27;256;114;0;;
SPE00120566;1995-10-28;256;140;0;;
SPE00120566;1995-10-29;200;106;0;;
SPE00120566;1995-10-30;225;53;0;;
SPE00120566;1995-10-31;223;112;2;;
SPE00120566;1995-11-01;233;105;0;;
SPE00120566;1995-11-02;225;125;0;;
SPE00120566;1995-11-03;239;110;0;;
SPE00120566;1995-11-04;239;90;0;;
SPE00120566;1995-11-05;212;64;0;;
SPE00120566;1995-11-06;202;78;0;;
SPE00120566;1995-11-07;181;66;0;;
SPE00120566;1995-11-08;184;64;0;;
SPE00120566;1995-11-09;204;68;11;;
SPE00120566;1995-11-10;171;104;86;;
SPE00120566;1995-11-11;163;94;39;;
SPE00120566;1995-11-12;129;74;30;;
SPE00120566;1995-11-13;134;64;0;;
SPE00120566;1995-11-14;142;48;10;;
SPE00120566;1995-11-15;159;119;37;;
SPE00120566;1995-11-16;155;119;117;;
SPE00120566;1995-11-17;193;124;30;;
SPE00120566;1995-11-18;216;150;0;;
SPE00120566;1995-11-19;209;134;0;;
SPE00120566;1995-11-20;200;106;0;;
SPE00120566;1995-11-21;196;92;1;;
SPE00120566;1995-11-22;173;91;0;;
SPE00120566;1995-11-23;160;66;0;;
SPE00120566;1995-11-24;164;32;0;;
SPE00120566;1995-11-25;104;74;69;;
SPE00120566;1995-11-26;113;50;0;;
SPE00120566;1995-11-27;110;40;10;;
SPE00120566;1995-11-28;128;42;0;;
SPE00120566;1995-11-29;141;47;10;;
SPE00120566;1995-11-30;129;73;27;;
SPE00120566;1995-12-01;106;44;0;;
SPE00120566;1995-12-02;76;32;0;;
SPE00120566;1995-12-03;141;50;0;;
SPE00120566;1995-12-04;131;42;0;;
SPE00120566;1995-12-05;132;55;1;;
SPE00120566;1995-12-06;96;25;33;;
SPE00120566;1995-12-07;80;46;65;;
SPE00120566;1995-12-08;100;32;4;;
SPE00120566;1995-12-09;118;24;2;;
SPE00120566;1995-12-10;131;75;0;;
SPE00120566;1995-12-11;134;70;0;;
SPE00120566;1995-12-12;126;32;0;;
SPE00120566;1995-12-13;106;-10;0;;
SPE00120566;1995-12-14;74;-12;2;;
SPE00120566;1995-12-15;50;8;167;;
SPE00120566;1995-12-16;117;46;4;;
SPE00120566;1995-12-17;120;17;0;;
SPE00120566;1995-12-18;106;10;0;;
SPE00120566;1995-12-19;96;38;1;;
SPE00120566;1995-12-20;120;66;0;;
SPE00120566;1995-12-21;152;80;4;;
SPE00120566;1995-12-22;171;88;49;;
SPE00120566;1995-12-23;159;114;5;;
SPE00120566;1995-12-24;189;126;3;;
SPE00120566;1995-12-25;167;130;135;;
SPE00120566;1995-12-26;158;95;0;;
SPE00120566;1995-12-27;114;74;87;;
SPE00120566;1995-12-28;142;85;14;;
SPE00120566;1995-12-29;132;86;292;;
SPE00120566;1995-12-30;164;115;97;;
SPE00120566;1995-12-31;149;92;256;;
SPE00120566;1996-01-01;149;87;0;;
SPE00120566;1996-01-02;145;81;0;;
SPE00120566;1996-01-03;159;60;0;;
SPE00120566;1996-01-04;178;84;158;;
SPE00120566;1996-01-05;123;85;34;;
SPE00120566;1996-01-06;182;76;65;;
SPE00120566;1996-01-07;134;82;10;;
SPE00120566;1996-01-08;150;76;106;;
SPE00120566;1996-01-09;110;72;0;;
SPE00120566;1996-01-10;104;52;19;;
SPE00120566;1996-01-11;112;53;112;;
SPE00120566;1996-01-12;106;41;0;;
SPE00120566;1996-01-13;116;20;0;;
SPE00120566;1996-01-14;120;43;0;;
SPE00120566;1996-01-15;147;72;0;;
SPE00120566;1996-01-16;135;56;0;;
SPE00120566;1996-01-17;132;74;0;;
SPE00120566;1996-01-18;127;56;0;;
SPE00120566;1996-01-19;116;70;34;;
SPE00120566;1996-01-20;102;42;0;;
SPE00120566;1996-01-21;113;62;39;;
SPE00120566;1996-01-22;102;40;5;;
SPE00120566;1996-01-23;90;45;53;;
SPE00120566;1996-01-24;98;54;0;;
SPE00120566;1996-01-25;121;26;0;;
SPE00120566;1996-01-26;99;30;41;;
SPE00120566;1996-01-27;106;56;4;;
SPE00120566;1996-01-28;134;72;16;;
SPE00120566;1996-01-29;112;50;0;;
SPE00120566;1996-01-30;76;26;0;;
SPE00120566;1996-01-31;121;17;14;;
SPE00120566;1996-02-01;106;78;93;;
SPE00120566;1996-02-02;124;57;20;;
SPE00120566;1996-02-03;123;47;0;;
SPE00120566;1996-02-04;124;32;0;;
SPE00120566;1996-02-05;118;26;5;;
SPE00120566;1996-02-06;152;75;0;;
SPE00120566;1996-02-07;159;72;0;;
SPE00120566;1996-02-08;134;36;0;;
SPE00120566;1996-02-09;116;14;0;;
SPE00120566;1996-02-10;124;27;0;;
SPE00120566;1996-02-11;122;8;0;;
SPE00120566;1996-02-12;124;6;0;;
SPE00120566;1996-02-13;154;74;0;;
SPE00120566;1996-02-14;96;24;4;;
SPE00120566;1996-02-15;114;20;0;;
SPE00120566;1996-02-16;111;-19;0;;
SPE00120566;1996-02-17;162;9;0;;
SPE00120566;1996-02-18;174;-2;0;;
SPE00120566;1996-02-19;130;53;0;;
SPE00120566;1996-02-20;75;11;0;;
SPE00120566;1996-02-21;75;-24;0;;
SPE00120566;1996-02-22;83;-30;0;;
SPE00120566;1996-02-23;114;-35;0;;
SPE00120566;1996-02-24;144;-31;0;;
SPE00120566;1996-02-25;150;-26;23;;
SPE00120566;1996-02-26;86;22;21;;
SPE00120566;1996-02-27;116;4;0;;
SPE00120566;1996-02-28;134;-12;0;;
SPE00120566;1996-02-29;144;4;0;;
SPE00120566;1996-03-01;161;36;0;;
SPE00120566;1996-03-02;144;25;0;;
SPE00120566;1996-03-03;132;20;0;;
SPE00120566;1996-03-04;128;8;0;;
SPE00120566;1996-03-05;154;-4;0;;
SPE00120566;1996-03-06;136;44;0;;
SPE00120566;1996-03-07;136;15;0;;
SPE00120566;1996-03-08;150;45;0;;
SPE00120566;1996-03-09;126;70;6;;
SPE00120566;1996-03-10;164;66;0;;
SPE00120566;1996-03-11;156;34;0;;
SPE00120566;1996-03-12;160;6;0;;
SPE00120566;1996-03-13;114;55;17;;
SPE00120566;1996-03-14;112;45;7;;
SPE00120566;1996-03-15;125;21;0;;
SPE00120566;1996-03-16;118;13;0;;
SPE00120566;1996-03-17;148;-14;0;;
SPE00120566;1996-03-18;170;-6;0;;
SPE00120566;1996-03-19;126;86;20;;
SPE00120566;1996-03-20;162;68;0;;
SPE00120566;1996-03-21;203;57;0;;
SPE00120566;1996-03-22;242;51;0;;
SPE00120566;1996-03-23;264;95;0;;
SPE00120566;1996-03-24;236;126;0;;
SPE00120566;1996-03-25;227;78;1;;
SPE00120566;1996-03-26;178;105;0;;
SPE00120566;1996-03-27;197;102;0;;
SPE00120566;1996-03-28;214;76;0;;
SPE00120566;1996-03-29;235;84;140;;
SPE00120566;1996-03-30;182;95;0;;
SPE00120566;1996-03-31;178;102;69;;
SPE00120566;1996-04-01;146;76;85;;
SPE00120566;1996-04-02;150;82;18;;
SPE00120566;1996-04-03;162;26;0;;
SPE00120566;1996-04-04;189;24;0;;
SPE00120566;1996-04-05;179;60;0;;
SPE00120566;1996-04-06;166;84;1;;
SPE00120566;1996-04-07;188;85;8;;
SPE00120566;1996-04-08;202;92;0;;
SPE00120566;1996-04-09;222;78;0;;
SPE00120566;1996-04-10;233;84;0;;
SPE00120566;1996-04-11;236;72;0;;
SPE00120566;1996-04-12;246;90;0;;
SPE00120566;1996-04-13;250;119;0;;
SPE00120566;1996-04-14;257;105;0;;
SPE00120566;1996-04-15;250;106;0;;
SPE00120566;1996-04-16;250;118;2;;
SPE00120566;1996-04-17;194;85;0;;
SPE00120566;1996-04-18;229;52;0;;
SPE00120566;1996-04-19;241;100;0;;
SPE00120566;1996-04-20;234;90;0;;
SPE00120566;1996-04-21;224;116;5;;
SPE00120566;1996-04-22;156;76;75;;
SPE00120566;1996-04-23;168;48;0;;
SPE00120566;1996-04-24;210;58;0;;
SPE00120566;1996-04-25;218;63;0;;
SPE00120566;1996-04-26;223;62;0;;
SPE00120566;1996-04-27;226;72;0;;
SPE00120566;1996-04-28;209;84;0;;
SPE00120566;1996-04-29;208;92;0;;
SPE00120566;1996-04-30;178;100;0;;
SPE00120566;1996-05-01;169;82;1;;
SPE00120566;1996-05-02;167;93;0;;
SPE00120566;1996-05-03;166;87;1;;
SPE00120566;1996-05-04;219;93;0;;
SPE00120566;1996-05-05;233;111;48;;
SPE00120566;1996-05-06;180;96;47;;
SPE00120566;1996-05-07;176;100;30;;
SPE00120566;1996-05-08;196;96;0;;
SPE00120566;1996-05-09;212;96;0;;
SPE00120566;1996-05-10;159;103;119;;
SPE00120566;1996-05-11;113;82;146;;
SPE00120566;1996-05-12;176;66;0;;
SPE00120566;1996-05-13;206;56;0;;
SPE00120566;1996-05-14;238;100;0;;
SPE00120566;1996-05-15;240;124;10;;
SPE00120566;1996-05-16;240;121;0;;
SPE00120566;1996-05-17;222;106;131;;
SPE00120566;1996-05-18;176;100;76;;
SPE00120566;1996-05-19;156;56;17;;
SPE00120566;1996-05-20;180;76;0;;
SPE00120566;1996-05-21;214;86;0;;
SPE00120566;1996-05-22;246;86;0;;
SPE00120566;1996-05-23;276;99;0;;
SPE00120566;1996-05-24;288;122;0;;
SPE00120566;1996-05-25;285;147;0;;
SPE00120566;1996-05-26;298;164;0;;
SPE00120566;1996-05-27;323;164;0;;
SPE00120566;1996-05-28;316;160;0;;
SPE00120566;1996-05-29;334;159;0;;
SPE00120566;1996-05-30;342;175;0;;
SPE00120566;1996-05-31;329;181;0;;
SPE00120566;1996-06-01;290;165;0;;
SPE00120566;1996-06-02;284;135;0;;
SPE00120566;1996-06-03;256;122;0;;
SPE00120566;1996-06-04;294;106;0;;
SPE00120566;1996-06-05;318;150;0;;
SPE00120566;1996-06-06;335;176;0;;
SPE00120566;1996-06-07;327;182;0;;
SPE00120566;1996-06-08;309;170;0;;
SPE00120566;1996-06-09;324;172;0;;
SPE00120566;1996-06-10;334;190;0;;
SPE00120566;1996-06-11;346;192;0;;
SPE00120566;1996-06-12;346;200;0;;
SPE00120566;1996-06-13;344;177;0;;
SPE00120566;1996-06-14;358;174;0;;
SPE00120566;1996-06-15;368;197;0;;
SPE00120566;1996-06-16;358;186;31;;
SPE00120566;1996-06-17;324;174;2;;
SPE00120566;1996-06-18;320;186;0;;
SPE00120566;1996-06-19;332;192;0;;
SPE00120566;1996-06-20;315;195;0;;
SPE00120566;1996-06-21;260;152;0;;
SPE00120566;1996-06-22;280;137;0;;
SPE00120566;1996-06-23;289;129;0;;
SPE00120566;1996-06-24;274;114;0;;
SPE00120566;1996-06-25;276;126;0;;
SPE00120566;1996-06-26;279;109;0;;
SPE00120566;1996-06-27;320;141;0;;
SPE00120566;1996-06-28;348;173;0;;
SPE00120566;1996-06-29;369;192;0;;
SPE00120566;1996-06-30;376;194;0;;
SPE00120566;1996-07-01;367;204;0;;
SPE00120566;1996-07-02;318;190;0;;
SPE00120566;1996-07-03;324;172;0;;
SPE00120566;1996-07-04;326;178;0;;
SPE00120566;1996-07-05;299;185;0;;
SPE00120566;1996-07-06;286;155;0;;
SPE00120566;1996-07-07;284;152;0;;
SPE00120566;1996-07-08;269;110;0;;
SPE00120566;1996-07-09;308;126;0;;
SPE00120566;1996-07-10;330;180;0;;
SPE00120566;1996-07-11;342;162;0;;
SPE00120566;1996-07-12;352;185;0;;
SPE00120566;1996-07-13;360;194;0;;
SPE00120566;1996-07-14;313;190;0;;
SPE00120566;1996-07-15;332;170;0;;
SPE00120566;1996-07-16;336;182;0;;
SPE00120566;1996-07-17;338;190;0;;
SPE00120566;1996-07-18;379;200;0;;
SPE00120566;1996-07-19;384;217;0;;
SPE00120566;1996-07-20;388;234;0;;
SPE00120566;1996-07-21;389;190;0;;
SPE00120566;1996-07-22;391;226;0;;
SPE00120566;1996-07-23;368;236;0;;
SPE00120566;1996-07-24;362;230;0;;
SPE00120566;1996-07-25;338;210;0;;
SPE00120566;1996-07-26;304;178;0;;
SPE00120566;1996-07-27;273;170;0;;
SPE00120566;1996-07-28;314;158;0;;
SPE00120566;1996-07-29;357;206;0;;
SPE00120566;1996-07-30;371;209;0;;
SPE00120566;1996-07-31;374;186;0;;
SPE00120566;1996-08-01;366;200;0;;
SPE00120566;1996-08-02;364;214;0;;
SPE00120566;1996-08-03;366;200;0;;
SPE00120566;1996-08-04;343;216;0;;
SPE00120566;1996-08-05;312;182;0;;
SPE00120566;1996-08-06;314;198;0;;
SPE00120566;1996-08-07;315;190;28;;
SPE00120566;1996-08-08;327;155;0;;
SPE00120566;1996-08-09;352;180;0;;
SPE00120566;1996-08-10;326;188;0;;
SPE00120566;1996-08-11;329;187;0;;
SPE00120566;1996-08-12;344;198;0;;
SPE00120566;1996-08-13;349;194;0;;
SPE00120566;1996-08-14;344;208;0;;
SPE00120566;1996-08-15;287;174;0;;
SPE00120566;1996-08-16;326;189;0;;
SPE00120566;1996-08-17;353;198;0;;
SPE00120566;1996-08-18;338;224;0;;
SPE00120566;1996-08-19;301;183;0;;
SPE00120566;1996-08-20;302;188;0;;
SPE00120566;1996-08-21;290;161;0;;
SPE00120566;1996-08-22;304;156;0;;
SPE00120566;1996-08-23;299;194;0;;
SPE00120566;1996-08-24;286;150;0;;
SPE00120566;1996-08-25;313;127;0;;
SPE00120566;1996-08-26;323;150;0;;
SPE00120566;1996-08-27;316;172;0;;
SPE00120566;1996-08-28;298;146;0;;
SPE00120566;1996-08-29;284;162;0;;
SPE00120566;1996-08-30;276;146;0;;
SPE00120566;1996-08-31;282;124;0;;
SPE00120566;1996-09-01;293;140;0;;
SPE00120566;1996-09-02;300;145;0;;
SPE00120566;1996-09-03;284;128;0;;
SPE00120566;1996-09-04;254;140;143;;
SPE00120566;1996-09-05;264;136;0;;
SPE00120566;1996-09-06;277;145;0;;
SPE00120566;1996-09-07;297;136;0;;
SPE00120566;1996-09-08;284;156;46;;
SPE00120566;1996-09-09;238;134;0;;
SPE00120566;1996-09-10;210;124;76;;
SPE00120566;1996-09-11;167;129;43;;
SPE00120566;1996-09-12;238;132;0;;
SPE00120566;1996-09-13;264;96;0;;
SPE00120566;1996-09-14;248;134;0;;
SPE00120566;1996-09-15;272;139;0;;
SPE00120566;1996-09-16;266;118;4;;
SPE00120566;1996-09-17;232;130;18;;
SPE00120566;1996-09-18;228;124;0;;
SPE00120566;1996-09-19;238;120;10;;
SPE00120566;1996-09-20;217;136;90;;
SPE00120566;1996-09-21;209;123;32;;
SPE00120566;1996-09-22;222;98;0;;
SPE00120566;1996-09-23;224;98;0;;
SPE00120566;1996-09-24;242;144;0;;
SPE00120566;1996-09-25;230;116;0;;
SPE00120566;1996-09-26;257;122;0;;
SPE00120566;1996-09-27;304;124;0;;
SPE00120566;1996-09-28;324;132;0;;
SPE00120566;1996-09-29;333;142;0;;
SPE00120566;1996-09-30;313;146;0;;
SPE00120566;1996-10-01;215;126;0;;
SPE00120566;1996-10-02;228;80;0;;
SPE00120566;1996-10-03;236;78;0;;
SPE00120566;1996-10-04;266;74;0;;
SPE00120566;1996-10-05;206;102;0;;
SPE00120566;1996-10-06;170;62;0;;
SPE00120566;1996-10-07;192;42;0;;
SPE00120566;1996-10-08;220;54;0;;
SPE00120566;1996-10-09;224;74;0;;
SPE00120566;1996-10-10;236;68;0;;
SPE00120566;1996-10-11;246;69;0;;
SPE00120566;1996-10-12;246;64;0;;
SPE00120566;1996-10-13;164;120;71;;
SPE00120566;1996-10-14;186;114;0;;
SPE00120566;1996-10-15;186;84;0;;
SPE00120566;1996-10-16;178;104;0;;
SPE00120566;1996-10-17;163;95;2;;
SPE00120566;1996-10-18;225;132;0;;
SPE00120566;1996-10-19;240;138;0;;
SPE00120566;1996-10-20;268;98;0;;
SPE00120566;1996-10-21;262;98;0;;
SPE00120566;1996-10-22;278;86;0;;
SPE00120566;1996-10-23;278;90;0;;
SPE00120566;1996-10-24;270;88;0;;
SPE00120566;1996-10-25;265;107;0;;
SPE00120566;1996-10-26;255;93;0;;
SPE00120566;1996-10-27;258;74;0;;
SPE00120566;1996-10-28;238;72;0;;
SPE00120566;1996-10-29;230;106;0;;
SPE00120566;1996-10-30;198;70;0;;
SPE00120566;1996-10-31;200;10;0;;
SPE00120566;1996-11-01;228;11;0;;
SPE00120566;1996-11-02;249;38;0;;
SPE00120566;1996-11-03;244;43;0;;
SPE00120566;1996-11-04;214;32;0;;
SPE00120566;1996-11-05;182;74;0;;
SPE00120566;1996-11-06;200;20;0;;
SPE00120566;1996-11-07;216;20;0;;
SPE00120566;1996-11-08;203;26;0;;
SPE00120566;1996-11-09;195;60;0;;
SPE00120566;1996-11-10;180;34;288;;
SPE00120566;1996-11-11;144;71;312;;
SPE00120566;1996-11-12;106;74;4;;
SPE00120566;1996-11-13;128;76;138;;
SPE00120566;1996-11-14;121;81;0;;
SPE00120566;1996-11-15;92;53;0;;
SPE00120566;1996-11-16;104;16;5;;
SPE00120566;1996-11-17;110;18;0;;
SPE00120566;1996-11-18;114;34;0;;
SPE00120566;1996-11-19;125;12;1;;
SPE00120566;1996-11-20;150;93;0;;
SPE00120566;1996-11-21;173;104;0;;
SPE00120566;1996-11-22;164;114;0;;
SPE00120566;1996-11-23;148;107;5;;
SPE00120566;1996-11-24;167;96;0;;
SPE00120566;1996-11-25;151;71;0;;
SPE00120566;1996-11-26;200;116;0;;
SPE00120566;1996-11-27;176;95;0;;
SPE00120566;1996-11-28;132;51;0;;
SPE00120566;1996-11-29;142;14;0;;
SPE00120566;1996-11-30;177;37;0;;
SPE00120566;1996-12-01;184;72;0;;
SPE00120566;1996-12-02;175;36;0;;
SPE00120566;1996-12-03;165;22;0;;
SPE00120566;1996-12-04;127;48;36;;
SPE00120566;1996-12-05;80;40;0;;
SPE00120566;1996-12-06;85;15;60;;
SPE00120566;1996-12-07;110;15;39;;
SPE00120566;1996-12-08;102;37;3;;
SPE00120566;1996-12-09;114;23;0;;
SPE00120566;1996-12-10;117;56;40;;
SPE00120566;1996-12-11;124;75;103;;
SPE00120566;1996-12-12;169;95;121;;
SPE00120566;1996-12-13;154;100;116;;
SPE00120566;1996-12-14;135;100;0;;
SPE00120566;1996-12-15;128;38;0;;
SPE00120566;1996-12-16;88;20;0;;
SPE00120566;1996-12-17;155;60;57;;
SPE00120566;1996-12-18;173;118;32;;
SPE00120566;1996-12-19;172;86;23;;
SPE00120566;1996-12-20;118;76;24;;
SPE00120566;1996-12-21;126;94;56;;
SPE00120566;1996-12-22;138;96;0;;
SPE00120566;1996-12-23;136;82;81;;
SPE00120566;1996-12-24;94;64;14;;
SPE00120566;1996-12-25;122;32;0;;
SPE00120566;1996-12-26;112;0;0;;
SPE00120566;1996-12-27;82;-22;0;;
SPE00120566;1996-12-28;24;-19;13;;
SPE00120566;1996-12-29;51;15;73;;
SPE00120566;1996-12-30;70;30;43;;
SPE00120566;1996-12-31;52;2;217;;
SPE00120566;1997-01-01;99;33;0;;
SPE00120566;1997-01-02;79;16;28;;
SPE00120566;1997-01-03;56;20;0;;
SPE00120566;1997-01-04;78;-4;32;;
SPE00120566;1997-01-05;12;-4;49;;
SPE00120566;1997-01-06;54;-20;0;;
SPE00120566;1997-01-07;38;-25;109;;
SPE00120566;1997-01-08;92;18;71;;
SPE00120566;1997-01-09;134;68;0;;
SPE00120566;1997-01-10;118;46;0;;
SPE00120566;1997-01-11;154;41;0;;
SPE00120566;1997-01-12;148;36;0;;
SPE00120566;1997-01-13;133;26;0;;
SPE00120566;1997-01-14;122;26;0;;
SPE00120566;1997-01-15;114;36;0;;
SPE00120566;1997-01-16;128;64;54;;
SPE00120566;1997-01-17;130;54;0;;
SPE00120566;1997-01-18;85;42;41;;
SPE00120566;1997-01-19;84;58;185;;
SPE00120566;1997-01-20;78;60;59;;
SPE00120566;1997-01-21;108;42;0;;
SPE00120566;1997-01-22;86;22;156;;
SPE00120566;1997-01-23;84;70;137;;
SPE00120566;1997-01-24;128;66;0;;
SPE00120566;1997-01-25;139;52;0;;
SPE00120566;1997-01-26;145;58;0;;
SPE00120566;1997-01-27;136;30;0;;
SPE00120566;1997-01-28;106;34;0;;
SPE00120566;1997-01-29;126;20;3;;
SPE00120566;1997-01-30;144;70;0;;
SPE00120566;1997-01-31;164;22;0;;
SPE00120566;1997-02-01;132;62;0;;
SPE00120566;1997-02-02;116;39;20;;
SPE00120566;1997-02-03;143;58;7;;
SPE00120566;1997-02-04;128;10;0;;
SPE00120566;1997-02-05;155;10;0;;
SPE00120566;1997-02-06;166;10;0;;
SPE00120566;1997-02-07;150;36;0;;
SPE00120566;1997-02-08;145;32;0;;
SPE00120566;1997-02-09;136;20;0;;
SPE00120566;1997-02-10;164;1;0;;
SPE00120566;1997-02-11;186;60;0;;
SPE00120566;1997-02-12;187;58;0;;
SPE00120566;1997-02-13;152;60;0;;
SPE00120566;1997-02-14;152;94;0;;
SPE00120566;1997-02-15;170;50;0;;
SPE00120566;1997-02-16;156;10;0;;
SPE00120566;1997-02-17;161;50;0;;
SPE00120566;1997-02-18;166;38;0;;
SPE00120566;1997-02-19;195;32;0;;
SPE00120566;1997-02-20;216;36;0;;
SPE00120566;1997-02-21;216;42;0;;
SPE00120566;1997-02-22;197;70;0;;
SPE00120566;1997-02-23;170;66;0;;
SPE00120566;1997-02-24;164;72;0;;
SPE00120566;1997-02-25;172;90;0;;
SPE00120566;1997-02-26;189;70;0;;
SPE00120566;1997-02-27;222;36;0;;
SPE00120566;1997-02-28;216;46;0;;
SPE00120566;1997-03-01;230;45;0;;
SPE00120566;1997-03-02;237;63;0;;
SPE00120566;1997-03-03;237;56;0;;
SPE00120566;1997-03-04;230;64;0;;
SPE00120566;1997-03-05;234;50;0;;
SPE00120566;1997-03-06;232;64;0;;
SPE00120566;1997-03-07;230;60;0;;
SPE00120566;1997-03-08;206;72;0;;
SPE00120566;1997-03-09;194;44;0;;
SPE00120566;1997-03-10;198;30;0;;
SPE00120566;1997-03-11;228;38;0;;
SPE00120566;1997-03-12;220;33;0;;
SPE00120566;1997-03-13;234;40;0;;
SPE00120566;1997-03-14;240;62;0;;
SPE00120566;1997-03-15;216;64;0;;
SPE00120566;1997-03-16;234;64;0;;
SPE00120566;1997-03-17;260;50;0;;
SPE00120566;1997-03-18;260;62;0;;
SPE00120566;1997-03-19;251;75;0;;
SPE00120566;1997-03-20;244;50;0;;
SPE00120566;1997-03-21;254;56;0;;
SPE00120566;1997-03-22;240;50;0;;
SPE00120566;1997-03-23;224;73;0;;
SPE00120566;1997-03-24;242;60;0;;
SPE00120566;1997-03-25;166;72;0;;
SPE00120566;1997-03-26;202;27;0;;
SPE00120566;1997-03-27;214;64;0;;
SPE00120566;1997-03-28;222;56;0;;
SPE00120566;1997-03-29;231;85;0;;
SPE00120566;1997-03-30;243;91;0;;
SPE00120566;1997-03-31;250;80;0;;
SPE00120566;1997-04-01;248;78;0;;
SPE00120566;1997-04-02;256;74;0;;
SPE00120566;1997-04-03;251;87;0;;
SPE00120566;1997-04-04;251;90;0;;
SPE00120566;1997-04-05;254;86;0;;
SPE00120566;1997-04-06;234;82;7;;
SPE00120566;1997-04-07;207;104;6;;
SPE00120566;1997-04-08;180;102;0;;
SPE00120566;1997-04-09;194;102;0;;
SPE00120566;1997-04-10;168;84;0;;
SPE00120566;1997-04-11;226;38;0;;
SPE00120566;1997-04-12;243;70;0;;
SPE00120566;1997-04-13;260;76;0;;
SPE00120566;1997-04-14;262;96;0;;
SPE00120566;1997-04-15;277;98;0;;
SPE00120566;1997-04-16;287;88;0;;
SPE00120566;1997-04-17;224;102;149;;
SPE00120566;1997-04-18;192;103;17;;
SPE00120566;1997-04-19;204;116;60;;
SPE00120566;1997-04-20;184;118;189;;
SPE00120566;1997-04-21;186;104;0;;
SPE00120566;1997-04-22;202;66;0;;
SPE00120566;1997-04-23;220;77;0;;
SPE00120566;1997-04-24;220;100;9;;
SPE00120566;1997-04-25;201;124;3;;
SPE00120566;1997-04-26;221;115;0;;
SPE00120566;1997-04-27;239;132;0;;
SPE00120566;1997-04-28;278;128;0;;
SPE00120566;1997-04-29;282;138;0;;
SPE00120566;1997-04-30;277;126;0;;
SPE00120566;1997-05-01;282;128;0;;
SPE00120566;1997-05-02;269;133;0;;
SPE00120566;1997-05-03;273;135;0;;
SPE00120566;1997-05-04;272;144;0;;
SPE00120566;1997-05-05;204;116;18;;
SPE00120566;1997-05-06;180;80;0;;
SPE00120566;1997-05-07;168;73;2;;
SPE00120566;1997-05-08;201;42;0;;
SPE00120566;1997-05-09;225;69;0;;
SPE00120566;1997-05-10;245;104;0;;
SPE00120566;1997-05-11;226;106;0;;
SPE00120566;1997-05-12;254;104;0;;
SPE00120566;1997-05-13;216;129;22;;
SPE00120566;1997-05-14;252;106;6;;
SPE00120566;1997-05-15;243;117;70;;
SPE00120566;1997-05-16;183;113;48;;
SPE00120566;1997-05-17;196;104;63;;
SPE00120566;1997-05-18;251;85;3;;
SPE00120566;1997-05-19;218;120;0;;
SPE00120566;1997-05-20;220;114;0;;
SPE00120566;1997-05-21;243;108;0;;
SPE00120566;1997-05-22;269;115;0;;
SPE00120566;1997-05-23;282;125;0;;
SPE00120566;1997-05-24;257;137;12;;
SPE00120566;1997-05-25;171;127;226;;
SPE00120566;1997-05-26;245;117;1;;
SPE00120566;1997-05-27;264;133;0;;
SPE00120566;1997-05-28;268;150;0;;
SPE00120566;1997-05-29;302;142;62;;
SPE00120566;1997-05-30;270;138;127;;
SPE00120566;1997-05-31;210;126;21;;
SPE00120566;1997-06-01;224;118;0;;
SPE00120566;1997-06-02;202;138;1;;
SPE00120566;1997-06-03;256;116;5;;
SPE00120566;1997-06-04;193;135;24;;
SPE00120566;1997-06-05;229;117;33;;
SPE00120566;1997-06-06;254;161;0;;
SPE00120566;1997-06-07;263;159;0;;
SPE00120566;1997-06-08;282;129;0;;
SPE00120566;1997-06-09;324;144;0;;
SPE00120566;1997-06-10;284;183;0;;
SPE00120566;1997-06-11;269;151;0;;
SPE00120566;1997-06-12;290;149;0;;
SPE00120566;1997-06-13;289;171;0;;
SPE00120566;1997-06-14;296;166;0;;
SPE00120566;1997-06-15;298;178;0;;
SPE00120566;1997-06-16;282;158;0;;
SPE00120566;1997-06-17;227;141;4;;
SPE00120566;1997-06-18;257;141;0;;
SPE00120566;1997-06-19;289;134;0;;
SPE00120566;1997-06-20;297;152;0;;
SPE00120566;1997-06-21;276;166;0;;
SPE00120566;1997-06-22;259;146;0;;
SPE00120566;1997-06-23;286;130;0;;
SPE00120566;1997-06-24;314;142;0;;
SPE00120566;1997-06-25;323;170;0;;
SPE00120566;1997-06-26;292;176;0;;
SPE00120566;1997-06-27;264;143;0;;
SPE00120566;1997-06-28;199;111;5;;
SPE00120566;1997-06-29;222;112;0;;
SPE00120566;1997-06-30;246;104;0;;
SPE00120566;1997-07-01;211;148;40;;
SPE00120566;1997-07-02;224;126;5;;
SPE00120566;1997-07-03;246;102;0;;
SPE00120566;1997-07-04;259;123;0;;
SPE00120566;1997-07-05;272;112;0;;
SPE00120566;1997-07-06;306;122;0;;
SPE00120566;1997-07-07;323;168;0;;
SPE00120566;1997-07-08;336;177;0;;
SPE00120566;1997-07-09;310;190;0;;
SPE00120566;1997-07-10;304;154;0;;
SPE00120566;1997-07-11;316;145;0;;
SPE00120566;1997-07-12;348;172;0;;
SPE00120566;1997-07-13;349;196;0;;
SPE00120566;1997-07-14;336;195;0;;
SPE00120566;1997-07-15;312;155;96;;
SPE00120566;1997-07-16;265;148;0;;
SPE00120566;1997-07-17;294;165;0;;
SPE00120566;1997-07-18;324;176;0;;
SPE00120566;1997-07-19;343;176;0;;
SPE00120566;1997-07-20;351;185;0;;
SPE00120566;1997-07-21;360;195;15;;
SPE00120566;1997-07-22;319;180;9;;
SPE00120566;1997-07-23;323;181;97;;
SPE00120566;1997-07-24;315;156;0;;
SPE00120566;1997-07-25;338;187;0;;
SPE00120566;1997-07-26;365;195;0;;
SPE00120566;1997-07-27;376;207;0;;
SPE00120566;1997-07-28;370;204;0;;
SPE00120566;1997-07-29;361;201;0;;
SPE00120566;1997-07-30;363;220;0;;
SPE00120566;1997-07-31;366;182;0;;
SPE00120566;1997-08-01;377;207;0;;
SPE00120566;1997-08-02;394;211;0;;
SPE00120566;1997-08-03;384;225;0;;
SPE00120566;1997-08-04;351;211;0;;
SPE00120566;1997-08-05;318;201;0;;
SPE00120566;1997-08-06;290;163;0;;
SPE00120566;1997-08-07;290;152;0;;
SPE00120566;1997-08-08;265;166;33;;
SPE00120566;1997-08-09;323;178;0;;
SPE00120566;1997-08-10;278;189;13;;
SPE00120566;1997-08-11;306;154;0;;
SPE00120566;1997-08-12;344;156;0;;
SPE00120566;1997-08-13;361;188;0;;
SPE00120566;1997-08-14;375;212;0;;
SPE00120566;1997-08-15;379;214;6;;
SPE00120566;1997-08-16;352;178;0;;
SPE00120566;1997-08-17;351;199;0;;
SPE00120566;1997-08-18;356;186;0;;
SPE00120566;1997-08-19;370;190;0;;
SPE00120566;1997-08-20;369;197;0;;
SPE00120566;1997-08-21;364;201;0;;
SPE00120566;1997-08-22;356;206;0;;
SPE00120566;1997-08-23;350;226;0;;
SPE00120566;1997-08-24;310;214;16;;
SPE00120566;1997-08-25;269;163;136;;
SPE00120566;1997-08-26;296;165;0;;
SPE00120566;1997-08-27;266;155;23;;
SPE00120566;1997-08-28;234;134;0;;
SPE00120566;1997-08-29;279;119;0;;
SPE00120566;1997-08-30;326;130;0;;
SPE00120566;1997-08-31;319;161;0;;
SPE00120566;1997-09-01;283;178;0;;
SPE00120566;1997-09-02;282;136;0;;
SPE00120566;1997-09-03;324;116;0;;
SPE00120566;1997-09-04;347;132;0;;
SPE00120566;1997-09-05;358;169;0;;
SPE00120566;1997-09-06;346;192;0;;
SPE00120566;1997-09-07;314;179;0;;
SPE00120566;1997-09-08;335;174;0;;
SPE00120566;1997-09-09;343;172;0;;
SPE00120566;1997-09-10;353;177;0;;
SPE00120566;1997-09-11;362;170;0;;
SPE00120566;1997-09-12;317;214;0;;
SPE00120566;1997-09-13;277;196;0;;
SPE00120566;1997-09-14;292;184;3;;
SPE00120566;1997-09-15;296;173;0;;
SPE00120566;1997-09-16;296;151;0;;
SPE00120566;1997-09-17;286;167;0;;
SPE00120566;1997-09-18;296;164;0;;
SPE00120566;1997-09-19;305;164;0;;
SPE00120566;1997-09-20;307;172;0;;
SPE00120566;1997-09-21;306;146;0;;
SPE00120566;1997-09-22;307;144;0;;
SPE00120566;1997-09-23;316;173;0;;
SPE00120566;1997-09-24;297;167;15;;
SPE00120566;1997-09-25;276;152;65;;
SPE00120566;1997-09-26;202;151;20;;
SPE00120566;1997-09-27;234;149;5;;
SPE00120566;1997-09-28;240;144;77;;
SPE00120566;1997-09-29;253;163;2;;
SPE00120566;1997-09-30;263;165;2;;
SPE00120566;1997-10-01;282;136;0;;
SPE00120566;1997-10-02;297;150;0;;
SPE00120566;1997-10-03;310;141;0;;
SPE00120566;1997-10-04;310;137;0;;
SPE00120566;1997-10-05;267;165;0;;
SPE00120566;1997-10-06;249;137;13;;
SPE00120566;1997-10-07;243;147;0;;
SPE00120566;1997-10-08;254;142;0;;
SPE00120566;1997-10-09;272;129;0;;
SPE00120566;1997-10-10;290;147;0;;
SPE00120566;1997-10-11;307;171;0;;
SPE00120566;1997-10-12;264;148;0;;
SPE00120566;1997-10-13;211;96;0;;
SPE00120566;1997-10-14;211;52;0;;
SPE00120566;1997-10-15;227;56;0;;
SPE00120566;1997-10-16;256;71;0;;
SPE00120566;1997-10-17;279;71;2;;
SPE00120566;1997-10-18;269;151;0;;
SPE00120566;1997-10-19;242;154;0;;
SPE00120566;1997-10-20;211;162;76;;
SPE00120566;1997-10-21;219;150;19;;
SPE00120566;1997-10-22;219;141;14;;
SPE00120566;1997-10-23;205;116;0;;
SPE00120566;1997-10-24;214;98;0;;
SPE00120566;1997-10-25;220;84;6;;
SPE00120566;1997-10-26;187;92;9;;
SPE00120566;1997-10-27;211;144;10;;
SPE00120566;1997-10-28;212;132;1;;
SPE00120566;1997-10-29;178;64;0;;
SPE00120566;1997-10-30;189;7;0;;
SPE00120566;1997-10-31;162;13;0;;
SPE00120566;1997-11-01;201;75;7;;
SPE00120566;1997-11-02;128;90;121;;
SPE00120566;1997-11-03;204;127;78;;
SPE00120566;1997-11-04;178;123;39;;
SPE00120566;1997-11-05;209;116;194;;
SPE00120566;1997-11-06;188;65;24;;
SPE00120566;1997-11-07;150;86;9;;
SPE00120566;1997-11-08;169;94;7;;
SPE00120566;1997-11-09;156;102;0;;
SPE00120566;1997-11-10;154;78;0;;
SPE00120566;1997-11-11;120;58;96;;
SPE00120566;1997-11-12;128;44;22;;
SPE00120566;1997-11-13;108;69;241;;
SPE00120566;1997-11-14;174;88;0;;
SPE00120566;1997-11-15;118;72;0;;
SPE00120566;1997-11-16;126;50;0;;
SPE00120566;1997-11-17;144;64;3;;
SPE00120566;1997-11-18;144;96;35;;
SPE00120566;1997-11-19;157;84;1;;
SPE00120566;1997-11-20;160;88;3;;
SPE00120566;1997-11-21;140;62;160;;
SPE00120566;1997-11-22;128;51;0;;
SPE00120566;1997-11-23;117;22;0;;
SPE00120566;1997-11-24;128;40;27;;
SPE00120566;1997-11-25;118;57;16;;
SPE00120566;1997-11-26;134;76;0;;
SPE00120566;1997-11-27;141;52;0;;
SPE00120566;1997-11-28;116;70;3;;
SPE00120566;1997-11-29;144;80;0;;
SPE00120566;1997-11-30;158;55;0;;
SPE00120566;1997-12-01;152;36;0;;
SPE00120566;1997-12-02;168;56;0;;
SPE00120566;1997-12-03;120;74;0;;
SPE00120566;1997-12-04;74;-10;121;;
SPE00120566;1997-12-05;82;-14;0;;41
SPE00120566;1997-12-06;102;-22;0;;
SPE00120566;1997-12-07;96;-26;0;;
SPE00120566;1997-12-08;104;45;16;;
SPE00120566;1997-12-09;91;50;0;;
SPE00120566;1997-12-10;124;54;0;;
SPE00120566;1997-12-11;116;88;5;;
SPE00120566;1997-12-12;132;61;70;;
SPE00120566;1997-12-13;119;15;0;;
SPE00120566;1997-12-14;111;-26;0;;
SPE00120566;1997-12-15;104;-28;34;;
SPE00120566;1997-12-16;135;54;21;;
SPE00120566;1997-12-17;169;99;30;;
SPE00120566;1997-12-18;160;78;6;;
SPE00120566;1997-12-19;123;73;0;;
SPE00120566;1997-12-20;122;52;0;;
SPE00120566;1997-12-21;109;47;73;;
SPE00120566;1997-12-22;134;86;44;;
SPE00120566;1997-12-23;138;46;0;;
SPE00120566;1997-12-24;101;12;0;;
SPE00120566;1997-12-25;63;32;5;;
SPE00120566;1997-12-26;127;45;0;;
SPE00120566;1997-12-27;123;30;0;;
SPE00120566;1997-12-28;92;8;15;;
SPE00120566;1997-12-29;112;60;1;;
SPE00120566;1997-12-30;119;81;13;;
SPE00120566;1997-12-31;107;59;80;;
SPE00120566;1998-01-01;103;37;0;;
SPE00120566;1998-01-02;123;40;0;;
SPE00120566;1998-01-03;168;102;2;;
SPE00120566;1998-01-04;135;94;0;;
SPE00120566;1998-01-05;124;55;0;;
SPE00120566;1998-01-06;105;20;0;;
SPE00120566;1998-01-07;108;20;0;;
SPE00120566;1998-01-08;102;22;0;;
SPE00120566;1998-01-09;124;14;0;;
SPE00120566;1998-01-10;141;78;0;;
SPE00120566;1998-01-11;138;64;0;;
SPE00120566;1998-01-12;146;80;31;;
SPE00120566;1998-01-13;116;40;0;;
SPE00120566;1998-01-14;119;26;0;;
SPE00120566;1998-01-15;109;10;0;;
SPE00120566;1998-01-16;132;46;0;;
SPE00120566;1998-01-17;116;20;0;;
SPE00120566;1998-01-18;116;6;0;;
SPE00120566;1998-01-19;141;80;0;;
SPE00120566;1998-01-20;164;64;0;;
SPE00120566;1998-01-21;160;24;0;;
SPE00120566;1998-01-22;158;-10;0;;
SPE00120566;1998-01-23;101;12;2;;
SPE00120566;1998-01-24;104;30;1;;
SPE00120566;1998-01-25;92;0;0;;
SPE00120566;1998-01-26;84;18;21;;
SPE00120566;1998-01-27;94;26;12;;
SPE00120566;1998-01-28;118;50;66;;
SPE00120566;1998-01-29;113;39;0;;
SPE00120566;1998-01-30;106;2;26;;
SPE00120566;1998-01-31;114;62;56;;
SPE00120566;1998-02-01;140;64;47;;
SPE00120566;1998-02-02;138;71;142;;
SPE00120566;1998-02-03;139;68;55;;
SPE00120566;1998-02-04;109;74;9;;
SPE00120566;1998-02-05;147;70;8;;
SPE00120566;1998-02-06;132;44;0;;
SPE00120566;1998-02-07;105;18;0;;
SPE00120566;1998-02-08;139;10;0;;
SPE00120566;1998-02-09;99;60;10;;
SPE00120566;1998-02-10;144;64;0;;
SPE00120566;1998-02-11;115;74;0;;
SPE00120566;1998-02-12;129;80;0;;
SPE00120566;1998-02-13;154;79;0;;
SPE00120566;1998-02-14;186;35;0;;
SPE00120566;1998-02-15;211;36;0;;
SPE00120566;1998-02-16;216;39;0;;
SPE00120566;1998-02-17;211;63;0;;
SPE00120566;1998-02-18;204;60;0;;
SPE00120566;1998-02-19;178;60;0;;
SPE00120566;1998-02-20;196;52;0;;
SPE00120566;1998-02-21;144;79;48;;
SPE00120566;1998-02-22;124;28;0;;
SPE00120566;1998-02-23;136;19;0;;
SPE00120566;1998-02-24;148;1;0;;
SPE00120566;1998-02-25;161;2;0;;
SPE00120566;1998-02-26;174;12;0;;
SPE00120566;1998-02-27;188;20;0;;
SPE00120566;1998-02-28;182;6;0;;
SPE00120566;1998-03-01;182;35;0;;
SPE00120566;1998-03-02;179;42;0;;
SPE00120566;1998-03-03;220;50;0;;
SPE00120566;1998-03-04;231;66;0;;
SPE00120566;1998-03-05;234;76;0;;
SPE00120566;1998-03-06;232;45;0;;
SPE00120566;1998-03-07;229;69;0;;
SPE00120566;1998-03-08;226;92;0;;
SPE00120566;1998-03-09;190;97;0;;
SPE00120566;1998-03-10;185;48;0;;
SPE00120566;1998-03-11;167;69;0;;
SPE00120566;1998-03-12;134;36;0;;
SPE00120566;1998-03-13;132;20;0;;
SPE00120566;1998-03-14;158;1;0;;
SPE00120566;1998-03-15;174;12;0;;
SPE00120566;1998-03-16;239;26;0;;
SPE00120566;1998-03-17;237;40;0;;
SPE00120566;1998-03-18;240;38;0;;
SPE00120566;1998-03-19;240;84;0;;
SPE00120566;1998-03-20;248;37;0;;
SPE00120566;1998-03-21;246;40;0;;
SPE00120566;1998-03-22;230;52;0;;
SPE00120566;1998-03-23;206;88;0;;
SPE00120566;1998-03-24;220;50;0;;
SPE00120566;1998-03-25;218;30;0;;
SPE00120566;1998-03-26;236;40;0;;
SPE00120566;1998-03-27;240;66;0;;
SPE00120566;1998-03-28;242;137;62;;
SPE00120566;1998-03-29;170;100;64;;
SPE00120566;1998-03-30;193;86;0;;
SPE00120566;1998-03-31;170;77;44;;
SPE00120566;1998-04-01;179;62;0;;
SPE00120566;1998-04-02;180;96;0;;
SPE00120566;1998-04-03;186;104;18;;
SPE00120566;1998-04-04;145;81;0;;
SPE00120566;1998-04-05;159;52;68;;
SPE00120566;1998-04-06;167;50;15;;
SPE00120566;1998-04-07;179;98;0;;
SPE00120566;1998-04-08;155;62;0;;
SPE00120566;1998-04-09;127;46;24;;
SPE00120566;1998-04-10;125;17;7;;
SPE00120566;1998-04-11;100;22;1;;
SPE00120566;1998-04-12;144;1;0;;
SPE00120566;1998-04-13;160;16;0;;
SPE00120566;1998-04-14;132;30;67;;
SPE00120566;1998-04-15;145;50;6;;
SPE00120566;1998-04-16;129;50;3;;
SPE00120566;1998-04-17;150;56;0;;
SPE00120566;1998-04-18;162;36;0;;
SPE00120566;1998-04-19;174;60;0;;
SPE00120566;1998-04-20;206;82;0;;
SPE00120566;1998-04-21;253;56;9;;
SPE00120566;1998-04-22;176;82;13;;
SPE00120566;1998-04-23;218;74;0;;
SPE00120566;1998-04-24;263;102;0;;
SPE00120566;1998-04-25;288;100;0;;
SPE00120566;1998-04-26;180;96;83;;
SPE00120566;1998-04-27;175;54;0;;
SPE00120566;1998-04-28;181;83;122;;
SPE00120566;1998-04-29;172;86;0;;
SPE00120566;1998-04-30;154;60;3;;
SPE00120566;1998-05-01;168;65;0;;
SPE00120566;1998-05-02;183;52;40;;
SPE00120566;1998-05-03;177;72;0;;
SPE00120566;1998-05-04;159;74;5;;
SPE00120566;1998-05-05;194;42;0;;
SPE00120566;1998-05-06;234;56;0;;
SPE00120566;1998-05-07;265;74;0;;
SPE00120566;1998-05-08;264;115;0;;
SPE00120566;1998-05-09;279;111;0;;
SPE00120566;1998-05-10;236;130;147;;
SPE00120566;1998-05-11;198;104;1;;
SPE00120566;1998-05-12;192;86;81;;
SPE00120566;1998-05-13;193;110;4;;
SPE00120566;1998-05-14;193;106;146;;
SPE00120566;1998-05-15;256;112;15;;
SPE00120566;1998-05-16;260;120;0;;
SPE00120566;1998-05-17;272;124;0;;
SPE00120566;1998-05-18;290;110;1;;
SPE00120566;1998-05-19;263;136;180;;
SPE00120566;1998-05-20;244;134;29;;
SPE00120566;1998-05-21;234;118;0;;
SPE00120566;1998-05-22;238;136;1;;
SPE00120566;1998-05-23;254;126;77;;
SPE00120566;1998-05-24;209;126;10;;
SPE00120566;1998-05-25;231;116;0;;
SPE00120566;1998-05-26;226;117;525;;
SPE00120566;1998-05-27;211;131;3;;
SPE00120566;1998-05-28;189;102;7;;
SPE00120566;1998-05-29;184;116;73;;
SPE00120566;1998-05-30;184;93;0;;
SPE00120566;1998-05-31;210;94;12;;
SPE00120566;1998-06-01;245;141;31;;
SPE00120566;1998-06-02;220;132;0;;
SPE00120566;1998-06-03;271;108;0;;
SPE00120566;1998-06-04;240;166;238;;
SPE00120566;1998-06-05;231;150;81;;
SPE00120566;1998-06-06;233;124;0;;
SPE00120566;1998-06-07;272;153;0;;
SPE00120566;1998-06-08;295;145;0;;
SPE00120566;1998-06-09;315;170;0;;
SPE00120566;1998-06-10;279;170;0;;
SPE00120566;1998-06-11;231;122;0;;
SPE00120566;1998-06-12;242;90;0;;
SPE00120566;1998-06-13;295;114;0;;
SPE00120566;1998-06-14;289;164;0;;
SPE00120566;1998-06-15;262;138;0;;
SPE00120566;1998-06-16;280;141;0;;
SPE00120566;1998-06-17;306;126;0;;
SPE00120566;1998-06-18;332;156;0;;
SPE00120566;1998-06-19;350;181;0;;
SPE00120566;1998-06-20;360;164;0;;
SPE00120566;1998-06-21;334;188;0;;
SPE00120566;1998-06-22;350;194;0;;
SPE00120566;1998-06-23;349;180;0;;
SPE00120566;1998-06-24;338;192;0;;
SPE00120566;1998-06-25;311;190;0;;
SPE00120566;1998-06-26;333;185;0;;
SPE00120566;1998-06-27;345;184;0;;
SPE00120566;1998-06-28;360;200;0;;
SPE00120566;1998-06-29;368;210;0;;
SPE00120566;1998-06-30;368;203;0;;
SPE00120566;1998-07-01;274;195;0;;
SPE00120566;1998-07-02;263;159;0;;
SPE00120566;1998-07-03;287;130;0;;
SPE00120566;1998-07-04;336;150;0;;
SPE00120566;1998-07-05;363;164;0;;
SPE00120566;1998-07-06;338;200;0;;
SPE00120566;1998-07-07;292;150;0;;
SPE00120566;1998-07-08;316;158;0;;
SPE00120566;1998-07-09;342;160;0;;
SPE00120566;1998-07-10;360;164;0;;
SPE00120566;1998-07-11;370;194;0;;
SPE00120566;1998-07-12;377;198;0;;
SPE00120566;1998-07-13;370;214;0;;
SPE00120566;1998-07-14;331;199;0;;
SPE00120566;1998-07-15;337;160;0;;
SPE00120566;1998-07-16;372;176;0;;
SPE00120566;1998-07-17;388;200;0;;
SPE00120566;1998-07-18;388;222;0;;
SPE00120566;1998-07-19;382;214;0;;
SPE00120566;1998-07-20;345;223;0;;
SPE00120566;1998-07-21;307;176;0;;
SPE00120566;1998-07-22;354;184;0;;
SPE00120566;1998-07-23;374;218;0;;
SPE00120566;1998-07-24;387;230;0;;
SPE00120566;1998-07-25;383;216;0;;
SPE00120566;1998-07-26;374;210;0;;
SPE00120566;1998-07-27;351;202;0;;
SPE00120566;1998-07-28;359;185;0;;
SPE00120566;1998-07-29;388;180;0;;
SPE00120566;1998-07-30;384;220;0;;
SPE00120566;1998-07-31;350;226;0;;
SPE00120566;1998-08-01;314;180;0;;
SPE00120566;1998-08-02;278;157;0;;
SPE00120566;1998-08-03;288;132;0;;
SPE00120566;1998-08-04;338;146;0;;
SPE00120566;1998-08-05;344;192;0;;
SPE00120566;1998-08-06;370;198;0;;
SPE00120566;1998-08-07;374;198;0;;
SPE00120566;1998-08-08;374;198;0;;
SPE00120566;1998-08-09;388;194;0;;
SPE00120566;1998-08-10;394;216;0;;
SPE00120566;1998-08-11;386;224;0;;
SPE00120566;1998-08-12;368;244;0;;
SPE00120566;1998-08-13;345;224;0;;
SPE00120566;1998-08-14;349;180;0;;
SPE00120566;1998-08-15;339;203;13;;
SPE00120566;1998-08-16;323;174;0;;
SPE00120566;1998-08-17;351;193;0;;
SPE00120566;1998-08-18;343;188;0;;
SPE00120566;1998-08-19;340;208;2;;
SPE00120566;1998-08-20;357;185;0;;
SPE00120566;1998-08-21;366;207;0;;
SPE00120566;1998-08-22;371;191;0;;
SPE00120566;1998-08-23;371;188;0;;
SPE00120566;1998-08-24;375;217;0;;
SPE00120566;1998-08-25;380;216;0;;
SPE00120566;1998-08-26;382;226;0;;
SPE00120566;1998-08-27;330;198;0;;
SPE00120566;1998-08-28;333;174;0;;
SPE00120566;1998-08-29;336;150;0;;
SPE00120566;1998-08-30;349;159;0;;
SPE00120566;1998-08-31;348;208;0;;
SPE00120566;1998-09-01;342;207;0;;
SPE00120566;1998-09-02;330;219;0;;
SPE00120566;1998-09-03;324;183;0;;
SPE00120566;1998-09-04;286;188;0;;
SPE00120566;1998-09-05;314;166;0;;
SPE00120566;1998-09-06;335;140;0;;
SPE00120566;1998-09-07;272;196;0;;
SPE00120566;1998-09-08;314;142;0;;
SPE00120566;1998-09-09;351;150;0;;
SPE00120566;1998-09-10;315;179;0;;
SPE00120566;1998-09-11;276;138;0;;
SPE00120566;1998-09-12;274;160;0;;
SPE00120566;1998-09-13;308;166;0;;
SPE00120566;1998-09-14;284;167;0;;
SPE00120566;1998-09-15;296;134;0;;
SPE00120566;1998-09-16;324;122;0;;
SPE00120566;1998-09-17;329;146;0;;
SPE00120566;1998-09-18;294;166;0;;
SPE00120566;1998-09-19;275;186;0;;
SPE00120566;1998-09-20;282;163;0;;
SPE00120566;1998-09-21;264;168;70;;
SPE00120566;1998-09-22;198;140;125;;
SPE00120566;1998-09-23;204;131;13;;
SPE00120566;1998-09-24;234;129;37;;
SPE00120566;1998-09-25;210;140;23;;
SPE00120566;1998-09-26;202;126;15;;
SPE00120566;1998-09-27;227;117;90;;
SPE00120566;1998-09-28;198;142;73;;
SPE00120566;1998-09-29;245;152;4;;
SPE00120566;1998-09-30;206;123;0;;
SPE00120566;1998-10-01;202;104;0;;
SPE00120566;1998-10-02;218;88;0;;
SPE00120566;1998-10-03;238;79;82;;
SPE00120566;1998-10-04;170;128;50;;
SPE00120566;1998-10-05;146;87;121;;
SPE00120566;1998-10-06;185;88;2;;
SPE00120566;1998-10-07;193;80;0;;
SPE00120566;1998-10-08;185;74;0;;
SPE00120566;1998-10-09;162;62;0;;
SPE00120566;1998-10-10;192;57;0;;
SPE00120566;1998-10-11;211;80;0;;
SPE00120566;1998-10-12;261;100;0;;
SPE00120566;1998-10-13;250;113;0;;
SPE00120566;1998-10-14;249;80;0;;
SPE00120566;1998-10-15;248;86;0;;
SPE00120566;1998-10-16;258;93;0;;
SPE00120566;1998-10-17;243;98;0;;
SPE00120566;1998-10-18;208;110;0;;
SPE00120566;1998-10-19;174;85;0;;
SPE00120566;1998-10-20;192;38;0;;
SPE00120566;1998-10-21;216;32;0;;
SPE00120566;1998-10-22;224;32;0;;
SPE00120566;1998-10-23;249;45;0;;
SPE00120566;1998-10-24;228;80;0;;
SPE00120566;1998-10-25;224;116;0;;
SPE00120566;1998-10-26;225;110;0;;
SPE00120566;1998-10-27;214;66;0;;
SPE00120566;1998-10-28;240;40;0;;
SPE00120566;1998-10-29;239;49;0;;
SPE00120566;1998-10-30;234;57;0;;
SPE00120566;1998-10-31;234;52;0;;
SPE00120566;1998-11-01;208;75;0;;
SPE00120566;1998-11-02;194;123;0;;
SPE00120566;1998-11-03;183;139;29;;
SPE00120566;1998-11-04;152;102;182;;
SPE00120566;1998-11-05;152;52;0;;
SPE00120566;1998-11-06;153;40;0;;
SPE00120566;1998-11-07;156;72;0;;
SPE00120566;1998-11-08;186;66;0;;
SPE00120566;1998-11-09;206;56;0;;
SPE00120566;1998-11-10;219;98;0;;
SPE00120566;1998-11-11;201;94;0;;
SPE00120566;1998-11-12;204;110;0;;
SPE00120566;1998-11-13;171;64;0;;
SPE00120566;1998-11-14;167;79;0;;
SPE00120566;1998-11-15;153;37;0;;
SPE00120566;1998-11-16;156;30;0;;
SPE00120566;1998-11-17;164;32;0;;
SPE00120566;1998-11-18;151;51;0;;
SPE00120566;1998-11-19;144;5;0;;
SPE00120566;1998-11-20;154;-6;0;;
SPE00120566;1998-11-21;142;-20;0;;
SPE00120566;1998-11-22;130;-40;0;;
SPE00120566;1998-11-23;80;-7;6;;
SPE00120566;1998-11-24;131;-14;0;;
SPE00120566;1998-11-25;127;-8;0;;
SPE00120566;1998-11-26;143;22;0;;
SPE00120566;1998-11-27;148;20;0;;
SPE00120566;1998-11-28;178;24;0;;
SPE00120566;1998-11-29;127;38;0;;
SPE00120566;1998-11-30;120;4;0;;
SPE00120566;1998-12-01;93;-5;0;;
SPE00120566;1998-12-02;101;13;0;;
SPE00120566;1998-12-03;104;22;0;;
SPE00120566;1998-12-04;113;11;0;;
SPE00120566;1998-12-05;112;-29;0;;
SPE00120566;1998-12-06;106;-35;0;;
SPE00120566;1998-12-07;122;-41;0;;
SPE00120566;1998-12-08;125;-45;0;;
SPE00120566;1998-12-09;124;-43;0;;
SPE00120566;1998-12-10;132;-24;9;;
SPE00120566;1998-12-11;153;64;0;;
SPE00120566;1998-12-12;140;74;2;;
SPE00120566;1998-12-13;114;36;0;;
SPE00120566;1998-12-14;135;16;0;;
SPE00120566;1998-12-15;151;-18;0;;
SPE00120566;1998-12-16;149;-4;0;;
SPE00120566;1998-12-17;155;-9;0;;
SPE00120566;1998-12-18;145;-24;0;;
SPE00120566;1998-12-19;124;-14;0;;
SPE00120566;1998-12-20;144;-4;0;;
SPE00120566;1998-12-21;112;4;0;;
SPE00120566;1998-12-22;89;-46;0;;
SPE00120566;1998-12-23;64;-59;0;;
SPE00120566;1998-12-24;120;-37;0;;
SPE00120566;1998-12-25;124;-35;0;;
SPE00120566;1998-12-26;126;-40;0;;
SPE00120566;1998-12-27;124;-45;0;;
SPE00120566;1998-12-28;115;-46;6;;
SPE00120566;1998-12-29;123;5;2;;
SPE00120566;1998-12-30;105;63;54;;
SPE00120566;1998-12-31;85;21;30;;
SPE00120566;1999-01-01;105;21;0;;
SPE00120566;1999-01-02;94;11;0;;
SPE00120566;1999-01-03;97;45;0;;
SPE00120566;1999-01-04;99;4;0;;
SPE00120566;1999-01-05;144;-20;0;;
SPE00120566;1999-01-06;162;4;0;;
SPE00120566;1999-01-07;144;-10;0;;
SPE00120566;1999-01-08;126;10;0;;
SPE00120566;1999-01-09;143;42;22;;
SPE00120566;1999-01-10;84;6;0;;
SPE00120566;1999-01-11;70;-38;0;;
SPE00120566;1999-01-12;81;-40;0;;
SPE00120566;1999-01-13;101;-42;0;;
SPE00120566;1999-01-14;114;-30;0;;
SPE00120566;1999-01-15;111;7;0;;
SPE00120566;1999-01-16;121;-26;46;;
SPE00120566;1999-01-17;120;18;2;;
SPE00120566;1999-01-18;99;6;0;;
SPE00120566;1999-01-19;107;-40;0;;
SPE00120566;1999-01-20;124;-22;0;;
SPE00120566;1999-01-21;123;26;28;;
SPE00120566;1999-01-22;107;62;43;;
SPE00120566;1999-01-23;134;28;0;;
SPE00120566;1999-01-24;149;-2;0;;
SPE00120566;1999-01-25;152;-14;0;;
SPE00120566;1999-01-26;146;10;0;;
SPE00120566;1999-01-27;144;64;0;;
SPE00120566;1999-01-28;171;26;0;;
SPE00120566;1999-01-29;183;16;0;;
SPE00120566;1999-01-30;167;24;0;;
SPE00120566;1999-01-31;120;-18;0;;
SPE00120566;1999-02-01;90;-54;0;;
SPE00120566;1999-02-02;116;-30;0;;
SPE00120566;1999-02-03;133;-19;0;;
SPE00120566;1999-02-04;176;-20;0;;
SPE00120566;1999-02-05;196;14;0;;
SPE00120566;1999-02-06;180;22;0;;
SPE00120566;1999-02-07;144;-15;0;;
SPE00120566;1999-02-08;144;4;0;;
SPE00120566;1999-02-09;99;14;86;;
SPE00120566;1999-02-10;83;-6;0;;
SPE00120566;1999-02-11;107;-6;0;;
SPE00120566;1999-02-12;104;8;0;;
SPE00120566;1999-02-13;85;-29;0;;
SPE00120566;1999-02-14;78;-45;0;;
SPE00120566;1999-02-15;138;-44;0;;
SPE00120566;1999-02-16;144;-16;0;;
SPE00120566;1999-02-17;164;-7;0;;
SPE00120566;1999-02-18;173;4;0;;
SPE00120566;1999-02-19;188;16;0;;
SPE00120566;1999-02-20;206;9;0;;
SPE00120566;1999-02-21;204;52;0;;
SPE00120566;1999-02-22;210;71;0;;
SPE00120566;1999-02-23;204;72;0;;
SPE00120566;1999-02-24;166;54;78;;
SPE00120566;1999-02-25;121;54;20;;
SPE00120566;1999-02-26;146;81;0;;
SPE00120566;1999-02-27;113;64;7;;
SPE00120566;1999-02-28;157;71;0;;
SPE00120566;1999-03-01;176;22;0;;
SPE00120566;1999-03-02;196;5;0;;
SPE00120566;1999-03-03;148;37;0;;
SPE00120566;1999-03-04;116;32;0;;
SPE00120566;1999-03-05;120;22;0;;
SPE00120566;1999-03-06;134;6;0;;
SPE00120566;1999-03-07;140;0;0;;
SPE00120566;1999-03-08;181;27;0;;
SPE00120566;1999-03-09;171;16;0;;
SPE00120566;1999-03-10;204;56;0;;
SPE00120566;1999-03-11;198;76;78;;
SPE00120566;1999-03-12;162;50;0;;
SPE00120566;1999-03-13;170;67;0;;
SPE00120566;1999-03-14;173;84;17;;
SPE00120566;1999-03-15;164;98;28;;
SPE00120566;1999-03-16;195;78;0;;
SPE00120566;1999-03-17;212;57;0;;
SPE00120566;1999-03-18;203;58;0;;
SPE00120566;1999-03-19;214;56;0;;
SPE00120566;1999-03-20;202;44;0;;
SPE00120566;1999-03-21;220;44;0;;
SPE00120566;1999-03-22;204;44;0;;
SPE00120566;1999-03-23;211;20;0;;
SPE00120566;1999-03-24;118;74;19;;
SPE00120566;1999-03-25;154;52;41;;
SPE00120566;1999-03-26;137;15;0;;
SPE00120566;1999-03-27;136;52;2;;
SPE00120566;1999-03-28;166;42;0;;
SPE00120566;1999-03-29;216;47;0;;
SPE00120566;1999-03-30;229;60;0;;
SPE00120566;1999-03-31;255;65;0;;
SPE00120566;1999-04-01;178;98;1;;
SPE00120566;1999-04-02;204;71;0;;
SPE00120566;1999-04-03;253;72;0;;
SPE00120566;1999-04-04;273;107;0;;
SPE00120566;1999-04-05;285;116;0;;
SPE00120566;1999-04-06;302;124;0;;
SPE00120566;1999-04-07;238;110;0;;
SPE00120566;1999-04-08;220;60;0;;
SPE00120566;1999-04-09;212;44;0;;
SPE00120566;1999-04-10;250;38;0;;
SPE00120566;1999-04-11;242;79;0;;
SPE00120566;1999-04-12;246;51;0;;
SPE00120566;1999-04-13;216;96;0;;
SPE00120566;1999-04-14;231;52;0;;
SPE00120566;1999-04-15;130;51;4;;
SPE00120566;1999-04-16;128;15;27;;
SPE00120566;1999-04-17;157;60;0;;
SPE00120566;1999-04-18;200;32;0;;
SPE00120566;1999-04-19;238;32;0;;
SPE00120566;1999-04-20;228;123;19;;
SPE00120566;1999-04-21;202;117;0;;
SPE00120566;1999-04-22;201;96;0;;
SPE00120566;1999-04-23;217;111;0;;
SPE00120566;1999-04-24;246;78;0;;
SPE00120566;1999-04-25;216;112;15;;
SPE00120566;1999-04-26;190;72;36;;
SPE00120566;1999-04-27;165;72;134;;
SPE00120566;1999-04-28;174;74;126;;
SPE00120566;1999-04-29;173;87;8;;
SPE00120566;1999-04-30;208;90;24;;
SPE00120566;1999-05-01;196;104;61;;
SPE00120566;1999-05-02;188;102;0;;
SPE00120566;1999-05-03;209;94;82;;
SPE00120566;1999-05-04;212;109;0;;
SPE00120566;1999-05-05;232;130;0;;
SPE00120566;1999-05-06;264;126;37;;
SPE00120566;1999-05-07;204;122;46;;
SPE00120566;1999-05-08;220;96;0;;
SPE00120566;1999-05-09;264;94;0;;
SPE00120566;1999-05-10;273;130;0;;
SPE00120566;1999-05-11;300;154;0;;
SPE00120566;1999-05-12;323;140;0;;
SPE00120566;1999-05-13;297;152;0;;
SPE00120566;1999-05-14;281;149;0;;
SPE00120566;1999-05-15;241;129;0;;
SPE00120566;1999-05-16;218;99;0;;
SPE00120566;1999-05-17;183;90;60;;
SPE00120566;1999-05-18;145;84;63;;
SPE00120566;1999-05-19;172;88;0;;
SPE00120566;1999-05-20;220;75;0;;
SPE00120566;1999-05-21;248;106;0;;
SPE00120566;1999-05-22;278;96;0;;
SPE00120566;1999-05-23;296;126;0;;
SPE00120566;1999-05-24;321;153;0;;
SPE00120566;1999-05-25;338;160;0;;
SPE00120566;1999-05-26;337;171;0;;
SPE00120566;1999-05-27;263;160;0;;
SPE00120566;1999-05-28;312;127;0;;
SPE00120566;1999-05-29;262;166;0;;
SPE00120566;1999-05-30;304;137;0;;
SPE00120566;1999-05-31;338;185;60;;
SPE00120566;1999-06-01;295;165;12;;
SPE00120566;1999-06-02;256;137;0;;
SPE00120566;1999-06-03;266;140;0;;
SPE00120566;1999-06-04;296;130;0;;
SPE00120566;1999-06-05;280;156;0;;
SPE00120566;1999-06-06;262;120;0;;
SPE00120566;1999-06-07;266;130;0;;
SPE00120566;1999-06-08;292;132;0;;
SPE00120566;1999-06-09;232;155;1;;
SPE00120566;1999-06-10;311;127;0;;
SPE00120566;1999-06-11;330;159;0;;
SPE00120566;1999-06-12;335;170;3;;
SPE00120566;1999-06-13;330;174;1;;
SPE00120566;1999-06-14;314;146;0;;
SPE00120566;1999-06-15;338;150;0;;
SPE00120566;1999-06-16;350;172;0;;
SPE00120566;1999-06-17;330;172;0;;
SPE00120566;1999-06-18;292;154;0;;
SPE00120566;1999-06-19;336;157;0;;
SPE00120566;1999-06-20;354;160;0;;
SPE00120566;1999-06-21;374;170;0;;
SPE00120566;1999-06-22;365;172;0;;
SPE00120566;1999-06-23;355;184;0;;
SPE00120566;1999-06-24;362;195;0;;
SPE00120566;1999-06-25;346;194;0;;
SPE00120566;1999-06-26;306;162;0;;
SPE00120566;1999-06-27;300;163;0;;
SPE00120566;1999-06-28;333;163;0;;
SPE00120566;1999-06-29;349;193;0;;
SPE00120566;1999-06-30;378;206;0;;
SPE00120566;1999-07-01;412;218;0;;
SPE00120566;1999-07-02;386;236;0;;
SPE00120566;1999-07-03;367;204;0;;
SPE00120566;1999-07-04;312;192;0;;
SPE00120566;1999-07-05;308;174;0;;
SPE00120566;1999-07-06;326;180;0;;
SPE00120566;1999-07-07;354;178;0;;
SPE00120566;1999-07-08;391;183;0;;
SPE00120566;1999-07-09;404;210;0;;
SPE00120566;1999-07-10;394;214;0;;
SPE00120566;1999-07-11;364;200;0;;
SPE00120566;1999-07-12;295;185;2;;
SPE00120566;1999-07-13;323;174;0;;
SPE00120566;1999-07-14;357;185;0;;
SPE00120566;1999-07-15;388;199;0;;
SPE00120566;1999-07-16;394;220;0;;
SPE00120566;1999-07-17;381;244;0;;
SPE00120566;1999-07-18;357;216;0;;
SPE00120566;1999-07-19;347;196;0;;
SPE00120566;1999-07-20;368;204;0;;
SPE00120566;1999-07-21;389;214;0;;
SPE00120566;1999-07-22;402;230;0;;
SPE00120566;1999-07-23;388;220;0;;
SPE00120566;1999-07-24;378;226;0;;
SPE00120566;1999-07-25;360;228;0;;
SPE00120566;1999-07-26;336;206;0;;
SPE00120566;1999-07-27;292;170;0;;
SPE00120566;1999-07-28;326;196;0;;
SPE00120566;1999-07-29;348;193;0;;
SPE00120566;1999-07-30;362;197;0;;
SPE00120566;1999-07-31;351;218;0;;
SPE00120566;1999-08-01;360;193;0;;
SPE00120566;1999-08-02;348;200;0;;
SPE00120566;1999-08-03;320;214;0;;
SPE00120566;1999-08-04;315;217;0;;
SPE00120566;1999-08-05;335;200;0;;
SPE00120566;1999-08-06;313;212;0;;
SPE00120566;1999-08-07;325;159;13;;
SPE00120566;1999-08-08;274;146;0;;
SPE00120566;1999-08-09;279;165;0;;
SPE00120566;1999-08-10;315;157;0;;
SPE00120566;1999-08-11;335;167;0;;
SPE00120566;1999-08-12;345;171;0;;
SPE00120566;1999-08-13;346;179;0;;
SPE00120566;1999-08-14;371;189;0;;
SPE00120566;1999-08-15;394;191;0;;
SPE00120566;1999-08-16;354;229;0;;
SPE00120566;1999-08-17;332;166;0;;
SPE00120566;1999-08-18;342;176;0;;
SPE00120566;1999-08-19;346;196;0;;
SPE00120566;1999-08-20;358;184;0;;
SPE00120566;1999-08-21;365;191;0;;
SPE00120566;1999-08-22;371;195;0;;
SPE00120566;1999-08-23;394;174;0;;
SPE00120566;1999-08-24;411;206;0;;
SPE00120566;1999-08-25;380;235;0;;
SPE00120566;1999-08-26;346;216;0;;
SPE00120566;1999-08-27;349;188;0;;
SPE00120566;1999-08-28;350;198;0;;
SPE00120566;1999-08-29;350;186;0;;
SPE00120566;1999-08-30;345;211;0;;
SPE00120566;1999-08-31;350;167;0;;
SPE00120566;1999-09-01;314;195;143;;
SPE00120566;1999-09-02;318;195;0;;
SPE00120566;1999-09-03;325;176;0;;
SPE00120566;1999-09-04;332;176;0;;
SPE00120566;1999-09-05;306;184;0;;
SPE00120566;1999-09-06;286;181;3;;
SPE00120566;1999-09-07;304;152;0;;
SPE00120566;1999-09-08;315;170;0;;
SPE00120566;1999-09-09;328;186;0;;
SPE00120566;1999-09-10;324;192;0;;
SPE00120566;1999-09-11;334;172;0;;
SPE00120566;1999-09-12;340;186;0;;
SPE00120566;1999-09-13;281;182;0;;
SPE00120566;1999-09-14;276;157;0;;
SPE00120566;1999-09-15;283;128;0;;
SPE00120566;1999-09-16;300;150;0;;
SPE00120566;1999-09-17;246;148;0;;
SPE00120566;1999-09-18;214;122;138;;
SPE00120566;1999-09-19;195;126;89;;
SPE00120566;1999-09-20;201;108;0;;
SPE00120566;1999-09-21;252;135;0;;
SPE00120566;1999-09-22;276;164;0;;
SPE00120566;1999-09-23;254;154;0;;
SPE00120566;1999-09-24;274;160;1;;
SPE00120566;1999-09-25;240;140;1;;
SPE00120566;1999-09-26;229;116;0;;
SPE00120566;1999-09-27;246;124;0;;
SPE00120566;1999-09-28;266;137;0;;
SPE00120566;1999-09-29;277;136;0;;
SPE00120566;1999-09-30;259;156;0;;
SPE00120566;1999-10-01;271;92;0;;
SPE00120566;1999-10-02;260;110;0;;
SPE00120566;1999-10-03;253;126;0;;
SPE00120566;1999-10-04;214;86;0;;
SPE00120566;1999-10-05;242;104;0;;
SPE00120566;1999-10-06;248;130;15;;
SPE00120566;1999-10-07;236;142;0;;
SPE00120566;1999-10-08;224;126;0;;
SPE00120566;1999-10-09;234;100;0;;
SPE00120566;1999-10-10;248;88;0;;
SPE00120566;1999-10-11;244;144;37;;
SPE00120566;1999-10-12;214;144;12;;
SPE00120566;1999-10-13;222;140;0;;
SPE00120566;1999-10-14;230;100;0;;
SPE00120566;1999-10-15;240;95;0;;
SPE00120566;1999-10-16;234;104;14;;
SPE00120566;1999-10-17;234;104;90;;
SPE00120566;1999-10-18;175;104;4;;
SPE00120566;1999-10-19;164;109;70;;
SPE00120566;1999-10-20;169;94;39;;
SPE00120566;1999-10-21;195;104;107;;
SPE00120566;1999-10-22;184;114;112;;
SPE00120566;1999-10-23;190;126;258;;
SPE00120566;1999-10-24;174;88;1;;
SPE00120566;1999-10-25;154;80;8;;
SPE00120566;1999-10-26;159;98;67;;
SPE00120566;1999-10-27;216;129;73;;
SPE00120566;1999-10-28;222;132;0;;
SPE00120566;1999-10-29;235;134;1;;
SPE00120566;1999-10-30;180;121;0;;
SPE00120566;1999-10-31;195;100;0;;
SPE00120566;1999-11-01;219;82;0;;
SPE00120566;1999-11-02;176;90;0;;
SPE00120566;1999-11-03;166;48;0;;
SPE00120566;1999-11-04;176;16;0;;
SPE00120566;1999-11-05;186;24;0;;
SPE00120566;1999-11-06;206;88;0;;
SPE00120566;1999-11-07;196;96;0;;
SPE00120566;1999-11-08;208;42;0;;
SPE00120566;1999-11-09;176;44;0;;
SPE00120566;1999-11-10;160;36;0;;
SPE00120566;1999-11-11;82;54;93;;
SPE00120566;1999-11-12;60;42;60;;
SPE00120566;1999-11-13;86;18;2;;
SPE00120566;1999-11-14;111;12;2;;
SPE00120566;1999-11-15;125;30;26;;
SPE00120566;1999-11-16;125;22;0;;
SPE00120566;1999-11-17;131;0;0;;
SPE00120566;1999-11-18;147;25;0;;
SPE00120566;1999-11-19;152;42;0;;
SPE00120566;1999-11-20;86;12;0;;
SPE00120566;1999-11-21;82;6;0;;
SPE00120566;1999-11-22;103;-10;0;;
SPE00120566;1999-11-23;110;-14;0;;
SPE00120566;1999-11-24;131;-23;0;;
SPE00120566;1999-11-25;129;-17;0;;
SPE00120566;1999-11-26;92;-2;0;;
SPE00120566;1999-11-27;98;-16;0;;
SPE00120566;1999-11-28;120;-18;0;;
SPE00120566;1999-11-29;129;40;0;;
SPE00120566;1999-11-30;151;57;0;;
SPE00120566;1999-12-01;146;21;0;;
SPE00120566;1999-12-02;164;26;0;;
SPE00120566;1999-12-03;83;33;0;;
SPE00120566;1999-12-04;90;37;30;;
SPE00120566;1999-12-05;119;29;0;;
SPE00120566;1999-12-06;108;-15;0;;
SPE00120566;1999-12-07;45;-6;0;;
SPE00120566;1999-12-08;26;-14;0;;
SPE00120566;1999-12-09;64;25;27;;
SPE00120566;1999-12-10;114;14;0;;
SPE00120566;1999-12-11;106;34;0;;
SPE00120566;1999-12-12;138;96;0;;
SPE00120566;1999-12-13;135;66;3;;
SPE00120566;1999-12-14;148;76;44;;
SPE00120566;1999-12-15;114;15;0;;
SPE00120566;1999-12-16;71;-5;0;;
SPE00120566;1999-12-17;80;-11;0;;
SPE00120566;1999-12-18;112;12;0;;
SPE00120566;1999-12-19;110;6;0;;
SPE00120566;1999-12-20;140;26;0;;
SPE00120566;1999-12-21;62;23;0;;
SPE00120566;1999-12-22;62;-16;0;;
SPE00120566;1999-12-23;48;-16;0;;
SPE00120566;1999-12-24;107;28;0;;
SPE00120566;1999-12-25;134;77;0;;
SPE00120566;1999-12-26;154;95;0;;
SPE00120566;1999-12-27;160;115;4;;
SPE00120566;1999-12-28;132;47;38;;
SPE00120566;1999-12-29;67;10;115;;
SPE00120566;1999-12-30;78;-18;0;;
SPE00120566;1999-12-31;97;-24;0;;
SPE00120566;2000-01-01;119;-15;0;;
SPE00120566;2000-01-02;111;-35;0;;
SPE00120566;2000-01-03;72;-15;0;;
SPE00120566;2000-01-04;48;-18;0;;
SPE00120566;2000-01-05;14;-16;0;;
SPE00120566;2000-01-06;76;-16;0;;
SPE00120566;2000-01-07;98;-40;0;;
SPE00120566;2000-01-08;88;-50;0;;
SPE00120566;2000-01-09;65;-4;11;;
SPE00120566;2000-01-10;93;-3;0;;
SPE00120566;2000-01-11;109;10;0;;
SPE00120566;2000-01-12;117;-15;0;;
SPE00120566;2000-01-13;94;-38;13;;
SPE00120566;2000-01-14;80;34;0;;
SPE00120566;2000-01-15;106;6;0;;
SPE00120566;2000-01-16;98;-6;0;;
SPE00120566;2000-01-17;114;-7;0;;
SPE00120566;2000-01-18;113;-29;0;;
SPE00120566;2000-01-19;150;-31;0;;
SPE00120566;2000-01-20;122;-25;0;;
SPE00120566;2000-01-21;114;-38;0;;
SPE00120566;2000-01-22;116;-46;0;;
SPE00120566;2000-01-23;106;-32;0;;
SPE00120566;2000-01-24;87;-34;0;;
SPE00120566;2000-01-25;77;-58;0;;
SPE00120566;2000-01-26;72;-30;29;;
SPE00120566;2000-01-27;106;30;0;;
SPE00120566;2000-01-28;128;12;0;;
SPE00120566;2000-01-29;132;-24;0;;
SPE00120566;2000-01-30;154;-23;0;;
SPE00120566;2000-01-31;165;2;0;;
SPE00120566;2000-02-01;146;39;15;;
SPE00120566;2000-02-02;148;78;0;;
SPE00120566;2000-02-03;174;10;0;;
SPE00120566;2000-02-04;176;-2;0;;
SPE00120566;2000-02-05;140;20;0;;
SPE00120566;2000-02-06;159;-17;0;;
SPE00120566;2000-02-07;152;30;0;;
SPE00120566;2000-02-08;164;52;0;;
SPE00120566;2000-02-09;180;38;0;;
SPE00120566;2000-02-10;180;15;0;;
SPE00120566;2000-02-11;170;62;0;;
SPE00120566;2000-02-12;167;19;0;;
SPE00120566;2000-02-13;168;-6;0;;
SPE00120566;2000-02-14;212;36;0;;
SPE00120566;2000-02-15;203;33;0;;
SPE00120566;2000-02-16;169;46;0;;
SPE00120566;2000-02-17;189;36;0;;
SPE00120566;2000-02-18;206;30;0;;
SPE00120566;2000-02-19;216;18;0;;
SPE00120566;2000-02-20;197;21;0;;
SPE00120566;2000-02-21;198;6;0;;
SPE00120566;2000-02-22;200;38;0;;
SPE00120566;2000-02-23;194;46;0;;
SPE00120566;2000-02-24;184;32;0;;
SPE00120566;2000-02-25;202;30;0;;
SPE00120566;2000-02-26;192;30;0;;
SPE00120566;2000-02-27;204;20;0;;
SPE00120566;2000-02-28;201;22;0;;
SPE00120566;2000-02-29;199;36;0;;
SPE00120566;2000-03-01;177;35;0;;
SPE00120566;2000-03-02;170;27;0;;
SPE00120566;2000-03-03;206;-17;0;;
SPE00120566;2000-03-04;212;20;0;;
SPE00120566;2000-03-05;206;40;0;;
SPE00120566;2000-03-06;213;60;0;;
SPE00120566;2000-03-07;222;76;0;;
SPE00120566;2000-03-08;236;54;0;;
SPE00120566;2000-03-09;247;46;0;;
SPE00120566;2000-03-10;249;53;0;;
SPE00120566;2000-03-11;255;42;0;;
SPE00120566;2000-03-12;196;96;5;;
SPE00120566;2000-03-13;197;76;11;;
SPE00120566;2000-03-14;220;50;0;;
SPE00120566;2000-03-15;229;59;0;;
SPE00120566;2000-03-16;205;55;0;;
SPE00120566;2000-03-17;214;50;0;;
SPE00120566;2000-03-18;230;48;0;;
SPE00120566;2000-03-19;202;50;0;;
SPE00120566;2000-03-20;196;33;2;;
SPE00120566;2000-03-21;179;82;0;;
SPE00120566;2000-03-22;134;87;53;;
SPE00120566;2000-03-23;146;74;3;;
SPE00120566;2000-03-24;164;50;0;;
SPE00120566;2000-03-25;166;62;2;;
SPE00120566;2000-03-26;176;46;0;;
SPE00120566;2000-03-27;185;36;0;;
SPE00120566;2000-03-28;133;36;0;;
SPE00120566;2000-03-29;149;-6;0;;
SPE00120566;2000-03-30;126;50;56;;
SPE00120566;2000-03-31;162;70;3;;
SPE00120566;2000-04-01;198;47;3;;
SPE00120566;2000-04-02;153;73;32;;
SPE00120566;2000-04-03;132;39;1;;
SPE00120566;2000-04-04;148;41;1;;
SPE00120566;2000-04-05;143;16;0;;
SPE00120566;2000-04-06;173;20;0;;
SPE00120566;2000-04-07;212;70;95;;
SPE00120566;2000-04-08;146;74;16;;
SPE00120566;2000-04-09;150;76;27;;
SPE00120566;2000-04-10;143;69;0;;
SPE00120566;2000-04-11;185;60;0;;
SPE00120566;2000-04-12;142;60;0;;
SPE00120566;2000-04-13;166;80;0;;
SPE00120566;2000-04-14;159;70;89;;
SPE00120566;2000-04-15;123;37;176;;
SPE00120566;2000-04-16;146;69;16;;
SPE00120566;2000-04-17;158;56;0;;
SPE00120566;2000-04-18;142;69;11;;
SPE00120566;2000-04-19;189;120;0;;
SPE00120566;2000-04-20;213;108;0;;
SPE00120566;2000-04-21;237;107;0;;
SPE00120566;2000-04-22;147;68;60;;
SPE00120566;2000-04-23;159;44;0;;
SPE00120566;2000-04-24;197;80;0;;
SPE00120566;2000-04-25;238;82;14;;
SPE00120566;2000-04-26;182;76;101;;
SPE00120566;2000-04-27;166;62;7;;
SPE00120566;2000-04-28;163;40;0;;
SPE00120566;2000-04-29;154;94;5;;
SPE00120566;2000-04-30;180;98;9;;
SPE00120566;2000-05-01;156;85;42;;
SPE00120566;2000-05-02;212;60;0;;
SPE00120566;2000-05-03;256;122;167;;
SPE00120566;2000-05-04;204;105;17;;
SPE00120566;2000-05-05;193;84;6;;
SPE00120566;2000-05-06;186;108;61;;
SPE00120566;2000-05-07;172;110;30;;
SPE00120566;2000-05-08;190;82;102;;
SPE00120566;2000-05-09;194;100;12;;
SPE00120566;2000-05-10;200;76;8;;
SPE00120566;2000-05-11;196;96;4;;
SPE00120566;2000-05-12;232;95;0;;
SPE00120566;2000-05-13;268;118;0;;
SPE00120566;2000-05-14;295;137;0;;
SPE00120566;2000-05-15;305;160;0;;
SPE00120566;2000-05-16;301;150;8;;
SPE00120566;2000-05-17;270;155;7;;
SPE00120566;2000-05-18;287;113;0;;
SPE00120566;2000-05-19;288;148;0;;
SPE00120566;2000-05-20;294;146;16;;
SPE00120566;2000-05-21;188;132;64;;
SPE00120566;2000-05-22;243;112;0;;
SPE00120566;2000-05-23;266;123;70;;
SPE00120566;2000-05-24;269;148;0;;
SPE00120566;2000-05-25;274;158;0;;
SPE00120566;2000-05-26;246;146;0;;
SPE00120566;2000-05-27;260;132;0;;
SPE00120566;2000-05-28;250;130;0;;
SPE00120566;2000-05-29;303;150;0;;
SPE00120566;2000-05-30;335;172;0;;
SPE00120566;2000-05-31;342;176;0;;
SPE00120566;2000-06-01;345;192;0;;
SPE00120566;2000-06-02;339;178;0;;
SPE00120566;2000-06-03;335;167;18;;
SPE00120566;2000-06-04;246;154;55;;
SPE00120566;2000-06-05;274;138;0;;
SPE00120566;2000-06-06;267;99;0;;
SPE00120566;2000-06-07;303;111;0;;
SPE00120566;2000-06-08;333;131;0;;
SPE00120566;2000-06-09;222;98;0;;
SPE00120566;2000-06-10;230;94;0;;
SPE00120566;2000-06-11;268;128;0;;
SPE00120566;2000-06-12;304;106;0;;
SPE00120566;2000-06-13;311;128;0;;
SPE00120566;2000-06-14;320;171;0;;
SPE00120566;2000-06-15;337;177;0;;
SPE00120566;2000-06-16;346;186;0;;
SPE00120566;2000-06-17;369;175;0;;
SPE00120566;2000-06-18;356;201;0;;
SPE00120566;2000-06-19;350;178;0;;
SPE00120566;2000-06-20;293;179;0;;
SPE00120566;2000-06-21;309;157;0;;
SPE00120566;2000-06-22;337;179;0;;
SPE00120566;2000-06-23;360;192;0;;
SPE00120566;2000-06-24;370;192;0;;
SPE00120566;2000-06-25;356;205;0;;
SPE00120566;2000-06-26;386;224;0;;
SPE00120566;2000-06-27;330;201;0;;
SPE00120566;2000-06-28;346;171;0;;
SPE00120566;2000-06-29;349;194;0;;
SPE00120566;2000-06-30;364;200;0;;
SPE00120566;2000-07-01;345;192;0;;
SPE00120566;2000-07-02;304;186;0;;
SPE00120566;2000-07-03;286;165;0;;
SPE00120566;2000-07-04;297;134;0;;
SPE00120566;2000-07-05;360;149;0;;
SPE00120566;2000-07-06;362;214;0;;
SPE00120566;2000-07-07;330;178;0;;
SPE00120566;2000-07-08;326;168;0;;
SPE00120566;2000-07-09;346;156;0;;
SPE00120566;2000-07-10;278;180;4;;
SPE00120566;2000-07-11;276;127;0;;
SPE00120566;2000-07-12;295;115;0;;
SPE00120566;2000-07-13;339;144;0;;
SPE00120566;2000-07-14;352;177;0;;
SPE00120566;2000-07-15;350;195;0;;
SPE00120566;2000-07-16;355;190;0;;
SPE00120566;2000-07-17;358;198;0;;
SPE00120566;2000-07-18;340;196;0;;
SPE00120566;2000-07-19;356;204;0;;
SPE00120566;2000-07-20;384;189;0;;
SPE00120566;2000-07-21;400;212;0;;
SPE00120566;2000-07-22;337;209;0;;
SPE00120566;2000-07-23;280;183;0;;
SPE00120566;2000-07-24;285;162;0;;
SPE00120566;2000-07-25;284;172;0;;
SPE00120566;2000-07-26;313;144;0;;
SPE00120566;2000-07-27;346;161;0;;
SPE00120566;2000-07-28;352;205;0;;
SPE00120566;2000-07-29;366;176;0;;
SPE00120566;2000-07-30;385;212;0;;
SPE00120566;2000-07-31;403;214;0;;
SPE00120566;2000-08-01;389;232;0;;
SPE00120566;2000-08-02;384;234;0;;
SPE00120566;2000-08-03;305;190;0;;
SPE00120566;2000-08-04;281;144;0;;
SPE00120566;2000-08-05;285;134;0;;
SPE00120566;2000-08-06;303;147;0;;
SPE00120566;2000-08-07;320;161;0;;
SPE00120566;2000-08-08;345;180;0;;
SPE00120566;2000-08-09;371;166;0;;
SPE00120566;2000-08-10;384;198;0;;
SPE00120566;2000-08-11;330;216;0;;
SPE00120566;2000-08-12;322;176;0;;
SPE00120566;2000-08-13;346;196;0;;
SPE00120566;2000-08-14;368;204;0;;
SPE00120566;2000-08-15;403;201;0;;
SPE00120566;2000-08-16;399;213;0;;
SPE00120566;2000-08-17;391;206;0;;
SPE00120566;2000-08-18;357;213;0;;
SPE00120566;2000-08-19;368;199;0;;
SPE00120566;2000-08-20;326;200;0;;
SPE00120566;2000-08-21;290;177;0;;
SPE00120566;2000-08-22;305;150;0;;
SPE00120566;2000-08-23;316;147;0;;
SPE00120566;2000-08-24;345;145;0;;
SPE00120566;2000-08-25;320;184;0;;
SPE00120566;2000-08-26;295;159;0;;
SPE00120566;2000-08-27;309;155;0;;
SPE00120566;2000-08-28;336;158;0;;
SPE00120566;2000-08-29;356;180;0;;
SPE00120566;2000-08-30;326;198;0;;
SPE00120566;2000-08-31;322;152;0;;
SPE00120566;2000-09-01;344;127;0;;
SPE00120566;2000-09-02;348;178;0;;
SPE00120566;2000-09-03;337;154;0;;
SPE00120566;2000-09-04;298;166;0;;
SPE00120566;2000-09-05;308;140;0;;
SPE00120566;2000-09-06;336;130;0;;
SPE00120566;2000-09-07;359;142;0;;
SPE00120566;2000-09-08;356;177;0;;
SPE00120566;2000-09-09;354;192;0;;
SPE00120566;2000-09-10;358;188;0;;
SPE00120566;2000-09-11;332;194;0;;
SPE00120566;2000-09-12;341;155;0;;
SPE00120566;2000-09-13;343;174;0;;
SPE00120566;2000-09-14;352;174;0;;
SPE00120566;2000-09-15;354;152;0;;
SPE00120566;2000-09-16;322;164;0;;
SPE00120566;2000-09-17;286;169;0;;
SPE00120566;2000-09-18;284;153;0;;
SPE00120566;2000-09-19;215;114;19;;
SPE00120566;2000-09-20;216;83;0;;
SPE00120566;2000-09-21;250;67;0;;
SPE00120566;2000-09-22;296;81;0;;
SPE00120566;2000-09-23;312;136;0;;
SPE00120566;2000-09-24;296;157;0;;
SPE00120566;2000-09-25;310;129;0;;
SPE00120566;2000-09-26;284;156;170;;
SPE00120566;2000-09-27;286;130;0;;
SPE00120566;2000-09-28;222;124;21;;
SPE00120566;2000-09-29;200;112;0;;
SPE00120566;2000-09-30;220;92;0;;
SPE00120566;2000-10-01;216;82;0;;
SPE00120566;2000-10-02;264;130;0;;
SPE00120566;2000-10-03;288;85;0;;
SPE00120566;2000-10-04;302;87;0;;
SPE00120566;2000-10-05;290;88;0;;
SPE00120566;2000-10-06;256;114;0;;
SPE00120566;2000-10-07;248;80;0;;
SPE00120566;2000-10-08;272;72;0;;
SPE00120566;2000-10-09;270;66;0;;
SPE00120566;2000-10-10;235;124;0;;
SPE00120566;2000-10-11;189;125;4;;
SPE00120566;2000-10-12;173;87;0;;
SPE00120566;2000-10-13;174;62;0;;
SPE00120566;2000-10-14;193;59;0;;
SPE00120566;2000-10-15;193;50;0;;
SPE00120566;2000-10-16;212;97;0;;
SPE00120566;2000-10-17;225;54;0;;
SPE00120566;2000-10-18;246;55;0;;
SPE00120566;2000-10-19;264;122;0;;
SPE00120566;2000-10-20;191;116;149;;
SPE00120566;2000-10-21;182;120;58;;
SPE00120566;2000-10-22;222;114;0;;
SPE00120566;2000-10-23;220;112;0;;
SPE00120566;2000-10-24;232;120;0;;
SPE00120566;2000-10-25;221;112;0;;
SPE00120566;2000-10-26;235;102;0;;
SPE00120566;2000-10-27;242;96;0;;
SPE00120566;2000-10-28;236;90;0;;
SPE00120566;2000-10-29;205;106;0;;
SPE00120566;2000-10-30;173;66;170;;
SPE00120566;2000-10-31;158;63;0;;
SPE00120566;2000-11-01;159;40;0;;
SPE00120566;2000-11-02;131;93;86;;
SPE00120566;2000-11-03;141;66;0;;
SPE00120566;2000-11-04;134;23;33;;
SPE00120566;2000-11-05;159;75;35;;
SPE00120566;2000-11-06;168;69;0;;
SPE00120566;2000-11-07;119;45;0;;
SPE00120566;2000-11-08;124;40;0;;
SPE00120566;2000-11-09;133;5;0;;
SPE00120566;2000-11-10;136;-6;0;;
SPE00120566;2000-11-11;144;44;0;;
SPE00120566;2000-11-12;198;66;34;;
SPE00120566;2000-11-13;144;58;0;;
SPE00120566;2000-11-14;118;31;0;;
SPE00120566;2000-11-15;140;3;0;;
SPE00120566;2000-11-16;106;16;13;;
SPE00120566;2000-11-17;126;46;0;;
SPE00120566;2000-11-18;136;14;0;;
SPE00120566;2000-11-19;145;10;0;;
SPE00120566;2000-11-20;144;80;0;;
SPE00120566;2000-11-21;127;50;0;;
SPE00120566;2000-11-22;142;90;149;;
SPE00120566;2000-11-23;149;65;1;;
SPE00120566;2000-11-24;87;32;45;;
SPE00120566;2000-11-25;166;74;5;;
SPE00120566;2000-11-26;186;119;0;;
SPE00120566;2000-11-27;190;80;0;;
SPE00120566;2000-11-28;215;56;32;;
SPE00120566;2000-11-29;160;74;64;;
SPE00120566;2000-11-30;123;64;0;;
SPE00120566;2000-12-01;164;100;147;;
SPE00120566;2000-12-02;130;62;0;;
SPE00120566;2000-12-03;126;30;0;;
SPE00120566;2000-12-04;140;50;0;;
SPE00120566;2000-12-05;128;47;106;;
SPE00120566;2000-12-06;143;97;38;;
SPE00120566;2000-12-07;198;112;13;;
SPE00120566;2000-12-08;144;72;4;;
SPE00120566;2000-12-09;131;65;0;;
SPE00120566;2000-12-10;146;66;0;;
SPE00120566;2000-12-11;138;26;0;;
SPE00120566;2000-12-12;126;6;0;;
SPE00120566;2000-12-13;137;25;0;;
SPE00120566;2000-12-14;152;9;20;;
SPE00120566;2000-12-15;120;38;0;;
SPE00120566;2000-12-16;102;-18;0;;
SPE00120566;2000-12-17;100;-26;0;;
SPE00120566;2000-12-18;110;26;0;;
SPE00120566;2000-12-19;129;-9;0;;
SPE00120566;2000-12-20;76;7;0;;
SPE00120566;2000-12-21;110;25;2;;
SPE00120566;2000-12-22;96;72;31;;
SPE00120566;2000-12-23;108;56;88;;
SPE00120566;2000-12-24;128;75;15;;
SPE00120566;2000-12-25;120;64;43;;
SPE00120566;2000-12-26;120;46;78;;
SPE00120566;2000-12-27;110;52;0;;
SPE00120566;2000-12-28;114;40;35;;
SPE00120566;2000-12-29;116;74;46;;
SPE00120566;2000-12-30;132;60;0;;
SPE00120566;2000-12-31;102;36;0;;
SPE00120566;2001-01-01;154;86;108;;
SPE00120566;2001-01-02;124;70;1;;
SPE00120566;2001-01-03;116;72;4;;
SPE00120566;2001-01-04;145;82;3;;
SPE00120566;2001-01-05;173;102;78;;
SPE00120566;2001-01-06;142;64;1;;
SPE00120566;2001-01-07;100;20;0;;
SPE00120566;2001-01-08;106;2;0;;
SPE00120566;2001-01-09;102;0;7;;
SPE00120566;2001-01-10;163;49;2;;
SPE00120566;2001-01-11;132;68;78;;
SPE00120566;2001-01-12;86;60;51;;
SPE00120566;2001-01-13;138;46;0;;
SPE00120566;2001-01-14;138;29;0;;
SPE00120566;2001-01-15;74;48;0;;
SPE00120566;2001-01-16;93;49;18;;
SPE00120566;2001-01-17;103;52;47;;
SPE00120566;2001-01-18;113;59;39;;
SPE00120566;2001-01-19;122;36;0;;
SPE00120566;2001-01-20;138;22;0;;
SPE00120566;2001-01-21;122;-6;0;;
SPE00120566;2001-01-22;112;2;1;;
SPE00120566;2001-01-23;160;78;2;;
SPE00120566;2001-01-24;154;83;10;;
SPE00120566;2001-01-25;106;48;0;;
SPE00120566;2001-01-26;132;20;3;;
SPE00120566;2001-01-27;136;104;7;;
SPE00120566;2001-01-28;116;56;2;;
SPE00120566;2001-01-29;110;41;0;;
SPE00120566;2001-01-30;134;33;0;;
SPE00120566;2001-01-31;159;41;0;;
SPE00120566;2001-02-01;170;74;0;;
SPE00120566;2001-02-02;164;22;0;;
SPE00120566;2001-02-03;154;10;0;;
SPE00120566;2001-02-04;134;62;3;;
SPE00120566;2001-02-05;138;70;0;;
SPE00120566;2001-02-06;140;105;109;;
SPE00120566;2001-02-07;124;71;9;;
SPE00120566;2001-02-08;113;56;8;;
SPE00120566;2001-02-09;123;25;0;;
SPE00120566;2001-02-10;176;80;1;;
SPE00120566;2001-02-11;186;40;0;;
SPE00120566;2001-02-12;196;38;0;;
SPE00120566;2001-02-13;190;34;0;;
SPE00120566;2001-02-14;108;33;7;;
SPE00120566;2001-02-15;133;45;8;;
SPE00120566;2001-02-16;150;22;0;;
SPE00120566;2001-02-17;170;12;0;;
SPE00120566;2001-02-18;122;-10;38;;
SPE00120566;2001-02-19;134;10;0;;
SPE00120566;2001-02-20;155;6;0;;
SPE00120566;2001-02-21;189;-11;0;;
SPE00120566;2001-02-22;198;-12;0;;
SPE00120566;2001-02-23;138;18;26;;
SPE00120566;2001-02-24;130;62;32;;
SPE00120566;2001-02-25;124;12;0;;
SPE00120566;2001-02-26;120;-25;0;;
SPE00120566;2001-02-27;95;16;13;;
SPE00120566;2001-02-28;100;13;1;;
SPE00120566;2001-03-01;100;35;79;;
SPE00120566;2001-03-02;174;100;109;;
SPE00120566;2001-03-03;166;96;0;;
SPE00120566;2001-03-04;174;112;64;;
SPE00120566;2001-03-05;180;106;3;;
SPE00120566;2001-03-06;236;123;0;;
SPE00120566;2001-03-07;164;90;75;;
SPE00120566;2001-03-08;140;77;10;;
SPE00120566;2001-03-09;164;104;0;;
SPE00120566;2001-03-10;182;128;12;;
SPE00120566;2001-03-11;228;134;0;;
SPE00120566;2001-03-12;174;85;0;;
SPE00120566;2001-03-13;162;43;0;;
SPE00120566;2001-03-14;182;31;0;;
SPE00120566;2001-03-15;218;40;0;;
SPE00120566;2001-03-16;167;81;27;;
SPE00120566;2001-03-17;139;42;0;;
SPE00120566;2001-03-18;165;64;0;;
SPE00120566;2001-03-19;180;80;0;;
SPE00120566;2001-03-20;200;92;0;;
SPE00120566;2001-03-21;212;116;0;;
SPE00120566;2001-03-22;252;118;0;;
SPE00120566;2001-03-23;260;108;0;;
SPE00120566;2001-03-24;191;85;8;;
SPE00120566;2001-03-25;150;75;8;;
SPE00120566;2001-03-26;154;74;56;;
SPE00120566;2001-03-27;164;62;0;;
SPE00120566;2001-03-28;171;52;0;;
SPE00120566;2001-03-29;182;76;0;;
SPE00120566;2001-03-30;200;82;0;;
SPE00120566;2001-03-31;230;94;0;;
SPE00120566;2001-04-01;234;110;0;;
SPE00120566;2001-04-02;206;74;0;;
SPE00120566;2001-04-03;200;89;0;;
SPE00120566;2001-04-04;190;65;0;;
SPE00120566;2001-04-05;210;122;0;;
SPE00120566;2001-04-06;226;90;0;;
SPE00120566;2001-04-07;170;92;0;;
SPE00120566;2001-04-08;194;54;0;;
SPE00120566;2001-04-09;236;52;0;;
SPE00120566;2001-04-10;246;92;0;;
SPE00120566;2001-04-11;215;88;0;;
SPE00120566;2001-04-12;209;35;0;;
SPE00120566;2001-04-13;210;55;0;;
SPE00120566;2001-04-14;214;62;0;;
SPE00120566;2001-04-15;244;40;0;;
SPE00120566;2001-04-16;244;102;0;;
SPE00120566;2001-04-17;230;84;12;;
SPE00120566;2001-04-18;183;88;12;;
SPE00120566;2001-04-19;226;72;0;;
SPE00120566;2001-04-20;178;53;0;;
SPE00120566;2001-04-21;180;20;0;;
SPE00120566;2001-04-22;218;50;0;;
SPE00120566;2001-04-23;212;104;0;;
SPE00120566;2001-04-24;204;100;0;;
SPE00120566;2001-04-25;199;80;0;;
SPE00120566;2001-04-26;241;49;0;;
SPE00120566;2001-04-27;212;105;0;;
SPE00120566;2001-04-28;246;55;0;;
SPE00120566;2001-04-29;217;97;3;;
SPE00120566;2001-04-30;156;39;118;;
SPE00120566;2001-05-01;115;16;10;;
SPE00120566;2001-05-02;126;15;67;;
SPE00120566;2001-05-03;151;36;0;;
SPE00120566;2001-05-04;176;41;0;;
SPE00120566;2001-05-05;176;90;0;;
SPE00120566;2001-05-06;196;56;0;;
SPE00120566;2001-05-07;204;62;15;;
SPE00120566;2001-05-08;211;96;17;;
SPE00120566;2001-05-09;171;85;238;;
SPE00120566;2001-05-10;204;75;0;;
SPE00120566;2001-05-11;236;96;0;;
SPE00120566;2001-05-12;252;100;0;;
SPE00120566;2001-05-13;218;112;0;;
SPE00120566;2001-05-14;181;106;17;;
SPE00120566;2001-05-15;209;121;24;;
SPE00120566;2001-05-16;257;109;0;;
SPE00120566;2001-05-17;262;127;0;;
SPE00120566;2001-05-18;270;150;0;;
SPE00120566;2001-05-19;210;146;23;;
SPE00120566;2001-05-20;242;136;17;;
SPE00120566;2001-05-21;244;128;0;;
SPE00120566;2001-05-22;244;104;0;;
SPE00120566;2001-05-23;270;118;0;;
SPE00120566;2001-05-24;294;131;0;;
SPE00120566;2001-05-25;307;150;0;;
SPE00120566;2001-05-26;320;159;0;;
SPE00120566;2001-05-27;326;172;0;;
SPE00120566;2001-05-28;338;172;0;;
SPE00120566;2001-05-29;343;186;0;;
SPE00120566;2001-05-30;350;179;0;;
SPE00120566;2001-05-31;362;184;0;;
SPE00120566;2001-06-01;360;196;0;;
SPE00120566;2001-06-02;348;188;0;;
SPE00120566;2001-06-03;340;188;0;;
SPE00120566;2001-06-04;331;175;0;;
SPE00120566;2001-06-05;325;155;0;;
SPE00120566;2001-06-06;315;164;0;;
SPE00120566;2001-06-07;340;155;0;;
SPE00120566;2001-06-08;324;178;0;;
SPE00120566;2001-06-09;236;142;72;;
SPE00120566;2001-06-10;249;136;81;;
SPE00120566;2001-06-11;264;100;0;;
SPE00120566;2001-06-12;294;146;0;;
SPE00120566;2001-06-13;312;168;0;;
SPE00120566;2001-06-14;336;176;0;;
SPE00120566;2001-06-15;289;179;0;;
SPE00120566;2001-06-16;266;126;0;;
SPE00120566;2001-06-17;279;136;0;;
SPE00120566;2001-06-18;298;129;0;;
SPE00120566;2001-06-19;334;164;0;;
SPE00120566;2001-06-20;366;182;0;;
SPE00120566;2001-06-21;394;181;0;;
SPE00120566;2001-06-22;391;186;0;;
SPE00120566;2001-06-23;389;235;0;;
SPE00120566;2001-06-24;396;200;0;;
SPE00120566;2001-06-25;370;244;0;;
SPE00120566;2001-06-26;343;210;0;;
SPE00120566;2001-06-27;294;166;0;;
SPE00120566;2001-06-28;324;153;0;;
SPE00120566;2001-06-29;353;169;0;;
SPE00120566;2001-06-30;381;195;0;;
SPE00120566;2001-07-01;380;220;0;;
SPE00120566;2001-07-02;384;216;0;;
SPE00120566;2001-07-03;360;206;0;;
SPE00120566;2001-07-04;294;180;0;;
SPE00120566;2001-07-05;266;126;0;;
SPE00120566;2001-07-06;264;150;0;;
SPE00120566;2001-07-07;306;146;0;;
SPE00120566;2001-07-08;309;176;4;;
SPE00120566;2001-07-09;300;156;0;;
SPE00120566;2001-07-10;341;170;0;;
SPE00120566;2001-07-11;376;200;0;;
SPE00120566;2001-07-12;374;212;0;;
SPE00120566;2001-07-13;353;222;0;;
SPE00120566;2001-07-14;301;184;0;;
SPE00120566;2001-07-15;278;176;0;;
SPE00120566;2001-07-16;302;166;0;;
SPE00120566;2001-07-17;324;162;0;;
SPE00120566;2001-07-18;290;154;0;;
SPE00120566;2001-07-19;264;134;0;;
SPE00120566;2001-07-20;308;132;0;;
SPE00120566;2001-07-21;348;158;0;;
SPE00120566;2001-07-22;372;190;0;;
SPE00120566;2001-07-23;384;192;0;;
SPE00120566;2001-07-24;332;208;0;;
SPE00120566;2001-07-25;350;207;0;;
SPE00120566;2001-07-26;364;216;0;;
SPE00120566;2001-07-27;340;203;0;;
SPE00120566;2001-07-28;352;198;0;;
SPE00120566;2001-07-29;341;211;0;;
SPE00120566;2001-07-30;333;226;0;;
SPE00120566;2001-07-31;389;236;0;;
SPE00120566;2001-08-01;370;252;0;;
SPE00120566;2001-08-02;301;195;0;;
SPE00120566;2001-08-03;325;199;0;;
SPE00120566;2001-08-04;340;175;0;;
SPE00120566;2001-08-05;350;182;0;;
SPE00120566;2001-08-06;372;206;0;;
SPE00120566;2001-08-07;380;194;0;;
SPE00120566;2001-08-08;344;190;0;;
SPE00120566;2001-08-09;349;210;0;;
SPE00120566;2001-08-10;349;181;0;;
SPE00120566;2001-08-11;369;216;0;;
SPE00120566;2001-08-12;368;214;27;;
SPE00120566;2001-08-13;376;211;3;;
SPE00120566;2001-08-14;362;209;0;;
SPE00120566;2001-08-15;334;210;0;;
SPE00120566;2001-08-16;314;184;0;;
SPE00120566;2001-08-17;314;162;0;;
SPE00120566;2001-08-18;302;176;0;;
SPE00120566;2001-08-19;314;178;0;;
SPE00120566;2001-08-20;342;178;0;;
SPE00120566;2001-08-21;368;182;0;;
SPE00120566;2001-08-22;380;218;0;;
SPE00120566;2001-08-23;394;184;0;;
SPE00120566;2001-08-24;404;196;1;;
SPE00120566;2001-08-25;342;254;0;;
SPE00120566;2001-08-26;344;205;20;;
SPE00120566;2001-08-27;345;180;5;;
SPE00120566;2001-08-28;325;208;0;;
SPE00120566;2001-08-29;300;182;0;;
SPE00120566;2001-08-30;315;179;0;;
SPE00120566;2001-08-31;319;180;0;;
SPE00120566;2001-09-01;325;161;0;;
SPE00120566;2001-09-02;328;170;0;;
SPE00120566;2001-09-03;346;196;0;;
SPE00120566;2001-09-04;350;196;0;;
SPE00120566;2001-09-05;348;176;0;;
SPE00120566;2001-09-06;308;186;0;;
SPE00120566;2001-09-07;298;156;0;;
SPE00120566;2001-09-08;324;140;0;;
SPE00120566;2001-09-09;334;144;0;;
SPE00120566;2001-09-10;324;152;0;;
SPE00120566;2001-09-11;322;147;0;;
SPE00120566;2001-09-12;322;170;0;;
SPE00120566;2001-09-13;328;168;0;;
SPE00120566;2001-09-14;318;170;0;;
SPE00120566;2001-09-15;320;143;0;;
SPE00120566;2001-09-16;334;165;0;;
SPE00120566;2001-09-17;310;130;0;;
SPE00120566;2001-09-18;245;110;0;;
SPE00120566;2001-09-19;274;114;0;;
SPE00120566;2001-09-20;290;136;0;;
SPE00120566;2001-09-21;285;162;229;;
SPE00120566;2001-09-22;236;145;1;;
SPE00120566;2001-09-23;210;144;0;;
SPE00120566;2001-09-24;224;144;0;;
SPE00120566;2001-09-25;234;110;0;;
SPE00120566;2001-09-26;258;88;0;;
SPE00120566;2001-09-27;256;114;120;;
SPE00120566;2001-09-28;212;152;69;;
SPE00120566;2001-09-29;222;147;0;;
SPE00120566;2001-09-30;250;119;0;;
SPE00120566;2001-10-01;278;148;0;;
SPE00120566;2001-10-02;290;142;0;;
SPE00120566;2001-10-03;255;161;0;;
SPE00120566;2001-10-04;278;125;0;;
SPE00120566;2001-10-05;232;162;16;;
SPE00120566;2001-10-06;190;140;74;;
SPE00120566;2001-10-07;203;104;0;;
SPE00120566;2001-10-08;187;128;30;;
SPE00120566;2001-10-09;196;87;0;;
SPE00120566;2001-10-10;206;80;1;;
SPE00120566;2001-10-11;260;169;92;;
SPE00120566;2001-10-12;224;128;84;;
SPE00120566;2001-10-13;200;116;0;;
SPE00120566;2001-10-14;228;101;0;;
SPE00120566;2001-10-15;210;124;0;;
SPE00120566;2001-10-16;255;126;1;;
SPE00120566;2001-10-17;244;147;58;;
SPE00120566;2001-10-18;206;134;146;;
SPE00120566;2001-10-19;194;120;117;;
SPE00120566;2001-10-20;184;88;18;;
SPE00120566;2001-10-21;184;120;0;;
SPE00120566;2001-10-22;223;122;13;;
SPE00120566;2001-10-23;194;114;0;;
SPE00120566;2001-10-24;198;70;0;;
SPE00120566;2001-10-25;205;80;0;;
SPE00120566;2001-10-26;226;105;0;;
SPE00120566;2001-10-27;239;99;0;;
SPE00120566;2001-10-28;274;165;0;;
SPE00120566;2001-10-29;278;138;0;;
SPE00120566;2001-10-30;246;110;0;;
SPE00120566;2001-10-31;236;94;0;;
SPE00120566;2001-11-01;212;89;0;;
SPE00120566;2001-11-02;194;70;0;;
SPE00120566;2001-11-03;180;70;33;;
SPE00120566;2001-11-04;154;90;0;;
SPE00120566;2001-11-05;159;106;19;;
SPE00120566;2001-11-06;138;86;3;;
SPE00120566;2001-11-07;183;49;0;;
SPE00120566;2001-11-08;198;44;0;;
SPE00120566;2001-11-09;118;7;0;;
SPE00120566;2001-11-10;90;-16;0;;
SPE00120566;2001-11-11;116;-44;0;;
SPE00120566;2001-11-12;151;6;0;;
SPE00120566;2001-11-13;165;42;0;;
SPE00120566;2001-11-14;115;20;0;;
SPE00120566;2001-11-15;88;2;50;;
SPE00120566;2001-11-16;76;36;0;;
SPE00120566;2001-11-17;104;44;41;;
SPE00120566;2001-11-18;116;42;0;;
SPE00120566;2001-11-19;127;-10;0;;
SPE00120566;2001-11-20;126;-9;0;;
SPE00120566;2001-11-21;136;-4;0;;
SPE00120566;2001-11-22;129;13;0;;
SPE00120566;2001-11-23;157;-11;0;;
SPE00120566;2001-11-24;150;6;0;;
SPE00120566;2001-11-25;158;-9;0;;
SPE00120566;2001-11-26;110;-2;17;;
SPE00120566;2001-11-27;124;27;3;;
SPE00120566;2001-11-28;135;-11;0;;
SPE00120566;2001-11-29;164;-11;0;;
SPE00120566;2001-11-30;150;-12;0;;
SPE00120566;2001-12-01;66;-14;0;;
SPE00120566;2001-12-02;82;2;0;;
SPE00120566;2001-12-03;90;-8;0;;
SPE00120566;2001-12-04;85;0;0;;
SPE00120566;2001-12-05;80;-15;0;;
SPE00120566;2001-12-06;136;-32;0;;
SPE00120566;2001-12-07;151;12;0;;
SPE00120566;2001-12-08;136;20;0;;
SPE00120566;2001-12-09;146;22;0;;
SPE00120566;2001-12-10;116;-1;0;;
SPE00120566;2001-12-11;116;32;0;;
SPE00120566;2001-12-12;114;-16;0;;
SPE00120566;2001-12-13;118;-44;0;;
SPE00120566;2001-12-14;140;-39;0;;
SPE00120566;2001-12-15;42;-60;0;;
SPE00120566;2001-12-16;62;-80;0;;
SPE00120566;2001-12-17;101;-79;0;;
SPE00120566;2001-12-18;99;-13;0;;
SPE00120566;2001-12-19;91;-5;0;;
SPE00120566;2001-12-20;112;2;0;;
SPE00120566;2001-12-21;96;-40;0;;
SPE00120566;2001-12-22;60;-44;67;;
SPE00120566;2001-12-23;35;4;121;;
SPE00120566;2001-12-24;59;-32;0;;
SPE00120566;2001-12-25;92;-11;0;;
SPE00120566;2001-12-26;25;-47;0;;
SPE00120566;2001-12-27;80;-44;0;;
SPE00120566;2001-12-28;70;-40;0;;
SPE00120566;2001-12-29;-4;-34;0;;
SPE00120566;2001-12-30;82;-20;23;;
SPE00120566;2001-12-31;130;45;1;;
SPE00120566;2002-01-01;104;72;86;;
SPE00120566;2002-01-02;104;74;118;;
SPE00120566;2002-01-03;129;87;20;;
SPE00120566;2002-01-04;130;57;0;;
SPE00120566;2002-01-05;113;53;0;;
SPE00120566;2002-01-06;114;34;0;;
SPE00120566;2002-01-07;102;-6;0;;
SPE00120566;2002-01-08;79;-12;0;;
SPE00120566;2002-01-09;110;9;0;;
SPE00120566;2002-01-10;88;16;0;;
SPE00120566;2002-01-11;64;-6;0;;
SPE00120566;2002-01-12;62;-18;10;;
SPE00120566;2002-01-13;95;30;4;;
SPE00120566;2002-01-14;105;35;0;;
SPE00120566;2002-01-15;70;-5;0;;
SPE00120566;2002-01-16;132;-32;0;;
SPE00120566;2002-01-17;118;-16;21;;
SPE00120566;2002-01-18;127;18;0;;
SPE00120566;2002-01-19;99;11;0;;
SPE00120566;2002-01-20;118;1;0;;
SPE00120566;2002-01-21;130;-10;28;;
SPE00120566;2002-01-22;116;58;3;;
SPE00120566;2002-01-23;130;70;70;;
SPE00120566;2002-01-24;114;61;0;;
SPE00120566;2002-01-25;132;22;0;;
SPE00120566;2002-01-26;150;50;0;;
SPE00120566;2002-01-27;100;18;0;;
SPE00120566;2002-01-28;99;18;0;;
SPE00120566;2002-01-29;160;-3;0;;
SPE00120566;2002-01-30;152;14;0;;
SPE00120566;2002-01-31;152;62;0;;
SPE00120566;2002-02-01;152;4;0;;
SPE00120566;2002-02-02;172;-10;0;;
SPE00120566;2002-02-03;152;38;1;;
SPE00120566;2002-02-04;153;40;3;;
SPE00120566;2002-02-05;158;80;0;;
SPE00120566;2002-02-06;110;44;0;;
SPE00120566;2002-02-07;158;58;0;;
SPE00120566;2002-02-08;180;35;0;;
SPE00120566;2002-02-09;179;22;0;;
SPE00120566;2002-02-10;138;41;0;;
SPE00120566;2002-02-11;168;24;0;;
SPE00120566;2002-02-12;158;34;0;;
SPE00120566;2002-02-13;180;5;0;;
SPE00120566;2002-02-14;138;24;0;;
SPE00120566;2002-02-15;128;-14;0;;
SPE00120566;2002-02-16;124;-8;0;;
SPE00120566;2002-02-17;130;24;0;;
SPE00120566;2002-02-18;130;-10;0;;
SPE00120566;2002-02-19;134;-5;0;;
SPE00120566;2002-02-20;150;-12;0;;
SPE00120566;2002-02-21;170;42;0;;
SPE00120566;2002-02-22;193;13;0;;
SPE00120566;2002-02-23;203;16;0;;
SPE00120566;2002-02-24;187;34;0;;
SPE00120566;2002-02-25;189;15;0;;
SPE00120566;2002-02-26;166;46;0;;
SPE00120566;2002-02-27;152;52;0;;
SPE00120566;2002-02-28;167;94;14;;
SPE00120566;2002-03-01;136;47;2;;
SPE00120566;2002-03-02;135;19;0;;
SPE00120566;2002-03-03;102;5;47;;
SPE00120566;2002-03-04;124;52;17;;
SPE00120566;2002-03-05;120;32;0;;
SPE00120566;2002-03-06;154;29;0;;
SPE00120566;2002-03-07;130;35;0;;
SPE00120566;2002-03-08;180;52;0;;
SPE00120566;2002-03-09;196;44;0;;
SPE00120566;2002-03-10;189;53;0;;
SPE00120566;2002-03-11;181;61;0;;
SPE00120566;2002-03-12;214;114;0;;
SPE00120566;2002-03-13;126;78;46;;
SPE00120566;2002-03-14;134;68;11;;
SPE00120566;2002-03-15;161;60;120;;
SPE00120566;2002-03-16;135;63;63;;
SPE00120566;2002-03-17;116;44;4;;
SPE00120566;2002-03-18;152;74;9;;
SPE00120566;2002-03-19;196;79;0;;
SPE00120566;2002-03-20;228;57;0;;
SPE00120566;2002-03-21;256;74;0;;
SPE00120566;2002-03-22;248;73;0;;
SPE00120566;2002-03-23;256;72;0;;
SPE00120566;2002-03-24;268;74;0;;
SPE00120566;2002-03-25;239;84;0;;
SPE00120566;2002-03-26;214;62;0;;
SPE00120566;2002-03-27;214;62;0;;
SPE00120566;2002-03-28;148;72;0;;
SPE00120566;2002-03-29;158;69;0;;
SPE00120566;2002-03-30;190;43;0;;
SPE00120566;2002-03-31;220;52;0;;
SPE00120566;2002-04-01;206;80;0;;
SPE00120566;2002-04-02;198;84;17;;
SPE00120566;2002-04-03;140;46;0;;
SPE00120566;2002-04-04;151;14;0;;
SPE00120566;2002-04-05;180;29;148;;
SPE00120566;2002-04-06;128;56;19;;
SPE00120566;2002-04-07;146;52;5;;
SPE00120566;2002-04-08;182;60;0;;
SPE00120566;2002-04-09;200;62;0;;
SPE00120566;2002-04-10;192;35;221;;
SPE00120566;2002-04-11;120;32;123;;
SPE00120566;2002-04-12;122;44;53;;
SPE00120566;2002-04-13;136;62;0;;
SPE00120566;2002-04-14;155;57;0;;
SPE00120566;2002-04-15;171;54;0;;
SPE00120566;2002-04-16;182;55;0;;
SPE00120566;2002-04-17;202;44;0;;
SPE00120566;2002-04-18;211;93;0;;
SPE00120566;2002-04-19;228;62;0;;
SPE00120566;2002-04-20;250;88;0;;
SPE00120566;2002-04-21;268;90;0;;
SPE00120566;2002-04-22;248;102;0;;
SPE00120566;2002-04-23;261;86;0;;
SPE00120566;2002-04-24;274;93;0;;
SPE00120566;2002-04-25;302;115;0;;
SPE00120566;2002-04-26;292;120;0;;
SPE00120566;2002-04-27;292;140;0;;
SPE00120566;2002-04-28;263;136;0;;
SPE00120566;2002-04-29;266;111;0;;
SPE00120566;2002-04-30;272;101;0;;
SPE00120566;2002-05-01;212;122;0;;
SPE00120566;2002-05-02;178;68;79;;
SPE00120566;2002-05-03;162;50;0;;
SPE00120566;2002-05-04;199;27;0;;
SPE00120566;2002-05-05;164;74;75;;
SPE00120566;2002-05-06;122;66;71;;
SPE00120566;2002-05-07;124;68;99;;
SPE00120566;2002-05-08;118;72;42;;
SPE00120566;2002-05-09;161;94;0;;
SPE00120566;2002-05-10;191;100;19;;
SPE00120566;2002-05-11;188;91;0;;
SPE00120566;2002-05-12;226;84;0;;
SPE00120566;2002-05-13;246;94;0;;
SPE00120566;2002-05-14;269;120;0;;
SPE00120566;2002-05-15;302;134;0;;
SPE00120566;2002-05-16;324;143;0;;
SPE00120566;2002-05-17;222;110;31;;
SPE00120566;2002-05-18;224;94;0;;
SPE00120566;2002-05-19;271;86;0;;
SPE00120566;2002-05-20;301;106;0;;
SPE00120566;2002-05-21;267;133;8;;
SPE00120566;2002-05-22;204;105;0;;
SPE00120566;2002-05-23;212;79;0;;
SPE00120566;2002-05-24;264;94;0;;
SPE00120566;2002-05-25;264;128;0;;
SPE00120566;2002-05-26;244;95;0;;
SPE00120566;2002-05-27;228;84;0;;
SPE00120566;2002-05-28;279;106;0;;
SPE00120566;2002-05-29;320;137;0;;
SPE00120566;2002-05-30;324;152;0;;
SPE00120566;2002-05-31;312;161;0;;
SPE00120566;2002-06-01;338;166;0;;
SPE00120566;2002-06-02;346;182;0;;
SPE00120566;2002-06-03;306;194;0;;
SPE00120566;2002-06-04;212;133;24;;
SPE00120566;2002-06-05;215;119;1;;
SPE00120566;2002-06-06;214;82;15;;
SPE00120566;2002-06-07;234;76;1;;
SPE00120566;2002-06-08;212;106;0;;
SPE00120566;2002-06-09;263;92;0;;
SPE00120566;2002-06-10;304;140;0;;
SPE00120566;2002-06-11;330;143;0;;
SPE00120566;2002-06-12;352;185;0;;
SPE00120566;2002-06-13;350;182;0;;
SPE00120566;2002-06-14;368;176;0;;
SPE00120566;2002-06-15;382;184;0;;
SPE00120566;2002-06-16;391;202;0;;
SPE00120566;2002-06-17;396;202;0;;
SPE00120566;2002-06-18;372;205;0;;
SPE00120566;2002-06-19;322;204;3;;
SPE00120566;2002-06-20;359;190;0;;
SPE00120566;2002-06-21;374;197;0;;
SPE00120566;2002-06-22;396;201;0;;
SPE00120566;2002-06-23;378;218;0;;
SPE00120566;2002-06-24;352;196;1;;
SPE00120566;2002-06-25;345;196;1;;
SPE00120566;2002-06-26;387;230;0;;
SPE00120566;2002-06-27;325;193;0;;
SPE00120566;2002-06-28;344;172;0;;
SPE00120566;2002-06-29;336;186;0;;
SPE00120566;2002-06-30;320;158;8;;
SPE00120566;2002-07-01;285;150;0;;
SPE00120566;2002-07-02;330;175;0;;
SPE00120566;2002-07-03;338;178;0;;
SPE00120566;2002-07-04;354;194;0;;
SPE00120566;2002-07-05;355;184;0;;
SPE00120566;2002-07-06;350;194;0;;
SPE00120566;2002-07-07;364;195;15;;
SPE00120566;2002-07-08;332;214;0;;
SPE00120566;2002-07-09;314;180;0;;
SPE00120566;2002-07-10;307;174;0;;
SPE00120566;2002-07-11;342;175;0;;
SPE00120566;2002-07-12;338;182;0;;
SPE00120566;2002-07-13;312;182;0;;
SPE00120566;2002-07-14;289;148;0;;
SPE00120566;2002-07-15;296;134;0;;
SPE00120566;2002-07-16;316;152;0;;
SPE00120566;2002-07-17;336;172;0;;
SPE00120566;2002-07-18;368;164;0;;
SPE00120566;2002-07-19;377;196;0;;
SPE00120566;2002-07-20;360;230;0;;
SPE00120566;2002-07-21;382;179;0;;
SPE00120566;2002-07-22;276;186;0;;
SPE00120566;2002-07-23;300;176;0;;
SPE00120566;2002-07-24;345;165;0;;
SPE00120566;2002-07-25;368;190;0;;
SPE00120566;2002-07-26;374;194;0;;
SPE00120566;2002-07-27;390;216;0;;
SPE00120566;2002-07-28;401;224;0;;
SPE00120566;2002-07-29;379;213;0;;
SPE00120566;2002-07-30;364;200;0;;
SPE00120566;2002-07-31;340;186;0;;
SPE00120566;2002-08-01;333;164;0;;
SPE00120566;2002-08-02;342;152;0;;
SPE00120566;2002-08-03;338;183;0;;
SPE00120566;2002-08-04;348;190;0;;
SPE00120566;2002-08-05;334;202;0;;
SPE00120566;2002-08-06;338;186;0;;
SPE00120566;2002-08-07;346;176;0;;
SPE00120566;2002-08-08;330;180;0;;
SPE00120566;2002-08-09;321;179;0;;
SPE00120566;2002-08-10;270;184;0;;
SPE00120566;2002-08-11;309;142;0;;
SPE00120566;2002-08-12;359;156;0;;
SPE00120566;2002-08-13;383;173;0;;
SPE00120566;2002-08-14;364;215;0;;
SPE00120566;2002-08-15;359;199;0;;
SPE00120566;2002-08-16;357;191;0;;
SPE00120566;2002-08-17;365;192;0;;
SPE00120566;2002-08-18;360;214;0;;
SPE00120566;2002-08-19;350;205;0;;
SPE00120566;2002-08-20;350;207;0;;
SPE00120566;2002-08-21;348;206;0;;
SPE00120566;2002-08-22;332;172;0;;
SPE00120566;2002-08-23;334;176;0;;
SPE00120566;2002-08-24;300;168;22;;
SPE00120566;2002-08-25;264;162;5;;
SPE00120566;2002-08-26;266;140;194;;
SPE00120566;2002-08-27;252;134;4;;
SPE00120566;2002-08-28;272;136;0;;
SPE00120566;2002-08-29;300;150;0;;
SPE00120566;2002-08-30;324;162;0;;
SPE00120566;2002-08-31;339;173;0;;
SPE00120566;2002-09-01;327;166;0;;
SPE00120566;2002-09-02;316;176;0;;
SPE00120566;2002-09-03;302;168;0;;
SPE00120566;2002-09-04;286;164;0;;
SPE00120566;2002-09-05;276;142;0;;
SPE00120566;2002-09-06;292;126;0;;
SPE00120566;2002-09-07;294;158;0;;
SPE00120566;2002-09-08;244;152;4;;
SPE00120566;2002-09-09;250;140;0;;
SPE00120566;2002-09-10;299;104;0;;
SPE00120566;2002-09-11;319;130;0;;
SPE00120566;2002-09-12;314;160;0;;
SPE00120566;2002-09-13;314;180;0;;
SPE00120566;2002-09-14;314;190;0;;
SPE00120566;2002-09-15;310;174;8;;
SPE00120566;2002-09-16;244;179;81;;
SPE00120566;2002-09-17;254;156;126;;
SPE00120566;2002-09-18;270;174;6;;
SPE00120566;2002-09-19;279;164;0;;
SPE00120566;2002-09-20;276;165;0;;
SPE00120566;2002-09-21;249;149;13;;
SPE00120566;2002-09-22;240;150;0;;
SPE00120566;2002-09-23;224;134;20;;
SPE00120566;2002-09-24;217;88;0;;
SPE00120566;2002-09-25;226;84;0;;
SPE00120566;2002-09-26;252;119;0;;
SPE00120566;2002-09-27;270;104;0;;
SPE00120566;2002-09-28;282;100;0;;
SPE00120566;2002-09-29;294;112;0;;
SPE00120566;2002-09-30;276;165;53;;
SPE00120566;2002-10-01;191;144;103;;
SPE00120566;2002-10-02;194;140;0;;
SPE00120566;2002-10-03;242;124;0;;
SPE00120566;2002-10-04;242;142;0;;
SPE00120566;2002-10-05;252;122;0;;
SPE00120566;2002-10-06;266;128;0;;
SPE00120566;2002-10-07;247;109;0;;
SPE00120566;2002-10-08;188;126;167;;
SPE00120566;2002-10-09;188;92;0;;
SPE00120566;2002-10-10;163;72;0;;
SPE00120566;2002-10-11;206;68;0;;
SPE00120566;2002-10-12;234;125;0;;
SPE00120566;2002-10-13;228;124;0;;
SPE00120566;2002-10-14;247;114;0;;
SPE00120566;2002-10-15;216;135;0;;
SPE00120566;2002-10-16;232;125;8;;
SPE00120566;2002-10-17;184;92;0;;
SPE00120566;2002-10-18;196;60;0;;
SPE00120566;2002-10-19;238;56;0;;
SPE00120566;2002-10-20;208;122;7;;
SPE00120566;2002-10-21;214;127;22;;
SPE00120566;2002-10-22;191;124;22;;
SPE00120566;2002-10-23;196;110;0;;
SPE00120566;2002-10-24;182;86;0;;
SPE00120566;2002-10-25;218;104;1;;
SPE00120566;2002-10-26;194;70;0;;
SPE00120566;2002-10-27;226;76;1;;
SPE00120566;2002-10-28;263;79;0;;
SPE00120566;2002-10-29;244;91;4;;
SPE00120566;2002-10-30;192;106;23;;
SPE00120566;2002-10-31;202;103;0;;
SPE00120566;2002-11-01;187;60;0;;
SPE00120566;2002-11-02;172;117;0;;
SPE00120566;2002-11-03;210;136;0;;
SPE00120566;2002-11-04;192;84;0;;
SPE00120566;2002-11-05;200;64;0;;
SPE00120566;2002-11-06;225;72;0;;
SPE00120566;2002-11-07;176;63;0;;
SPE00120566;2002-11-08;172;32;0;;
SPE00120566;2002-11-09;220;92;0;;
SPE00120566;2002-11-10;219;76;0;;
SPE00120566;2002-11-11;180;81;0;;
SPE00120566;2002-11-12;164;104;0;;
SPE00120566;2002-11-13;168;94;119;;
SPE00120566;2002-11-14;104;60;88;;
SPE00120566;2002-11-15;136;69;3;;
SPE00120566;2002-11-16;113;56;41;;
SPE00120566;2002-11-17;130;62;0;;
SPE00120566;2002-11-18;142;60;0;;
SPE00120566;2002-11-19;135;78;122;;
SPE00120566;2002-11-20;116;50;8;;
SPE00120566;2002-11-21;142;80;1;;
SPE00120566;2002-11-22;140;72;56;;
SPE00120566;2002-11-23;138;86;4;;
SPE00120566;2002-11-24;106;64;60;;
SPE00120566;2002-11-25;105;47;0;;
SPE00120566;2002-11-26;135;32;2;;
SPE00120566;2002-11-27;166;66;42;;
SPE00120566;2002-11-28;150;66;3;;
SPE00120566;2002-11-29;141;54;18;;
SPE00120566;2002-11-30;162;79;0;;
SPE00120566;2002-12-01;120;68;28;;
SPE00120566;2002-12-02;138;56;0;;
SPE00120566;2002-12-03;116;26;0;;
SPE00120566;2002-12-04;148;38;0;;
SPE00120566;2002-12-05;130;27;0;;
SPE00120566;2002-12-06;125;13;0;;
SPE00120566;2002-12-07;132;10;0;;
SPE00120566;2002-12-08;106;-6;0;;
SPE00120566;2002-12-09;86;-10;44;;
SPE00120566;2002-12-10;122;50;30;;
SPE00120566;2002-12-11;129;57;2;;
SPE00120566;2002-12-12;124;32;0;;
SPE00120566;2002-12-13;114;18;34;;
SPE00120566;2002-12-14;150;88;0;;
SPE00120566;2002-12-15;126;28;0;;
SPE00120566;2002-12-16;124;2;22;;
SPE00120566;2002-12-17;187;84;16;;
SPE00120566;2002-12-18;175;127;96;;
SPE00120566;2002-12-19;158;95;44;;
SPE00120566;2002-12-20;146;86;0;;
SPE00120566;2002-12-21;138;64;0;;
SPE00120566;2002-12-22;119;35;0;;
SPE00120566;2002-12-23;126;34;0;;
SPE00120566;2002-12-24;130;70;39;;
SPE00120566;2002-12-25;164;78;0;;
SPE00120566;2002-12-26;166;116;3;;
SPE00120566;2002-12-27;133;78;23;;
SPE00120566;2002-12-28;130;43;0;;
SPE00120566;2002-12-29;126;21;0;;
SPE00120566;2002-12-30;112;46;11;;
SPE00120566;2002-12-31;120;52;0;;
SPE00120566;2003-01-01;145;82;3;;
SPE00120566;2003-01-02;151;85;2;;
SPE00120566;2003-01-03;146;80;0;;
SPE00120566;2003-01-04;138;68;0;;
SPE00120566;2003-01-05;117;52;81;;
SPE00120566;2003-01-06;107;31;0;;
SPE00120566;2003-01-07;90;15;40;;
SPE00120566;2003-01-08;104;34;1;;
SPE00120566;2003-01-09;87;21;78;;
SPE00120566;2003-01-10;85;-20;0;;
SPE00120566;2003-01-11;73;-38;0;;
SPE00120566;2003-01-12;50;-46;0;;
SPE00120566;2003-01-13;70;-54;0;;
SPE00120566;2003-01-14;81;-52;0;;
SPE00120566;2003-01-15;96;-55;0;;
SPE00120566;2003-01-16;110;-40;0;;
SPE00120566;2003-01-17;98;-32;0;;
SPE00120566;2003-01-18;68;0;29;;
SPE00120566;2003-01-19;117;39;0;;
SPE00120566;2003-01-20;113;41;95;;
SPE00120566;2003-01-21;130;70;0;;
SPE00120566;2003-01-22;118;66;35;;
SPE00120566;2003-01-23;132;15;0;;
SPE00120566;2003-01-24;138;-16;0;;
SPE00120566;2003-01-25;169;1;0;;
SPE00120566;2003-01-26;156;10;0;;
SPE00120566;2003-01-27;220;42;0;;
SPE00120566;2003-01-28;191;46;0;;
SPE00120566;2003-01-29;124;14;0;;
SPE00120566;2003-01-30;116;5;0;;
SPE00120566;2003-01-31;64;-2;0;;
SPE00120566;2003-02-01;94;-34;0;;
SPE00120566;2003-02-02;130;-24;0;;
SPE00120566;2003-02-03;149;13;0;;
SPE00120566;2003-02-04;154;66;0;;
SPE00120566;2003-02-05;132;30;0;;
SPE00120566;2003-02-06;161;16;0;;
SPE00120566;2003-02-07;86;41;0;;
SPE00120566;2003-02-08;137;27;0;;
SPE00120566;2003-02-09;154;0;0;;
SPE00120566;2003-02-10;140;34;0;;
SPE00120566;2003-02-11;155;-4;0;;
SPE00120566;2003-02-12;126;70;0;;
SPE00120566;2003-02-13;134;32;0;;
SPE00120566;2003-02-14;120;8;0;;
SPE00120566;2003-02-15;90;-26;0;;
SPE00120566;2003-02-16;120;-36;0;;
SPE00120566;2003-02-17;111;-50;0;;
SPE00120566;2003-02-18;34;-44;86;;
SPE00120566;2003-02-19;80;6;51;;
SPE00120566;2003-02-20;101;24;7;;
SPE00120566;2003-02-21;131;-10;29;;
SPE00120566;2003-02-22;106;52;38;;
SPE00120566;2003-02-23;154;70;0;;
SPE00120566;2003-02-24;148;80;2;;
SPE00120566;2003-02-25;125;64;36;;
SPE00120566;2003-02-26;106;53;71;;
SPE00120566;2003-02-27;136;53;0;;
SPE00120566;2003-02-28;146;72;0;;
SPE00120566;2003-03-01;152;52;2;;
SPE00120566;2003-03-02;135;87;0;;
SPE00120566;2003-03-03;189;96;0;;
SPE00120566;2003-03-04;218;42;0;;
SPE00120566;2003-03-05;214;62;0;;
SPE00120566;2003-03-06;168;52;0;;
SPE00120566;2003-03-07;178;18;0;;
SPE00120566;2003-03-08;187;70;0;;
SPE00120566;2003-03-09;206;40;0;;
SPE00120566;2003-03-10;220;38;0;;
SPE00120566;2003-03-11;232;70;0;;
SPE00120566;2003-03-12;247;55;0;;
SPE00120566;2003-03-13;262;70;0;;
SPE00120566;2003-03-14;228;64;0;;
SPE00120566;2003-03-15;214;64;0;;
SPE00120566;2003-03-16;151;62;0;;
SPE00120566;2003-03-17;136;41;2;;
SPE00120566;2003-03-18;147;45;0;;
SPE00120566;2003-03-19;166;9;0;;
SPE00120566;2003-03-20;186;4;0;;
SPE00120566;2003-03-21;196;23;0;;
SPE00120566;2003-03-22;196;46;0;;
SPE00120566;2003-03-23;198;73;0;;
SPE00120566;2003-03-24;202;76;0;;
SPE00120566;2003-03-25;201;54;7;;
SPE00120566;2003-03-26;175;80;14;;
SPE00120566;2003-03-27;142;98;56;;
SPE00120566;2003-03-28;178;74;0;;
SPE00120566;2003-03-29;196;50;48;;
SPE00120566;2003-03-30;148;105;8;;
SPE00120566;2003-03-31;189;76;0;;
SPE00120566;2003-04-01;216;69;0;;
SPE00120566;2003-04-02;198;84;0;;
SPE00120566;2003-04-03;172;44;0;;
SPE00120566;2003-04-04;183;4;0;;
SPE00120566;2003-04-05;181;14;0;;
SPE00120566;2003-04-06;236;19;0;;
SPE00120566;2003-04-07;226;52;0;;
SPE00120566;2003-04-08;230;82;0;;
SPE00120566;2003-04-09;212;72;0;;
SPE00120566;2003-04-10;198;74;5;;
SPE00120566;2003-04-11;162;83;0;;
SPE00120566;2003-04-12;180;88;0;;
SPE00120566;2003-04-13;252;94;0;;
SPE00120566;2003-04-14;179;110;0;;
SPE00120566;2003-04-15;195;61;4;;
SPE00120566;2003-04-16;188;74;0;;
SPE00120566;2003-04-17;218;104;0;;
SPE00120566;2003-04-18;238;99;133;;
SPE00120566;2003-04-19;148;82;91;;
SPE00120566;2003-04-20;148;72;0;;
SPE00120566;2003-04-21;196;74;0;;
SPE00120566;2003-04-22;187;98;0;;
SPE00120566;2003-04-23;184;90;0;;
SPE00120566;2003-04-24;212;83;0;;
SPE00120566;2003-04-25;251;130;1;;
SPE00120566;2003-04-26;223;113;10;;
SPE00120566;2003-04-27;254;67;0;;
SPE00120566;2003-04-28;268;135;0;;
SPE00120566;2003-04-29;232;122;2;;
SPE00120566;2003-04-30;200;100;1;;
SPE00120566;2003-05-01;212;70;0;;
SPE00120566;2003-05-02;236;100;0;;
SPE00120566;2003-05-03;293;80;0;;
SPE00120566;2003-05-04;288;131;0;;
SPE00120566;2003-05-05;216;102;2;;
SPE00120566;2003-05-06;140;57;84;;
SPE00120566;2003-05-07;165;55;8;;
SPE00120566;2003-05-08;192;99;0;;
SPE00120566;2003-05-09;248;84;0;;
SPE00120566;2003-05-10;282;112;0;;
SPE00120566;2003-05-11;283;130;0;;
SPE00120566;2003-05-12;295;113;0;;
SPE00120566;2003-05-13;304;149;0;;
SPE00120566;2003-05-14;300;122;0;;
SPE00120566;2003-05-15;303;150;0;;
SPE00120566;2003-05-16;280;141;3;;
SPE00120566;2003-05-17;287;110;0;;
SPE00120566;2003-05-18;306;148;0;;
SPE00120566;2003-05-19;294;164;0;;
SPE00120566;2003-05-20;294;124;0;;
SPE00120566;2003-05-21;296;112;0;;
SPE00120566;2003-05-22;318;131;0;;
SPE00120566;2003-05-23;336;142;0;;
SPE00120566;2003-05-24;238;130;0;;
SPE00120566;2003-05-25;222;82;0;;
SPE00120566;2003-05-26;242;76;0;;
SPE00120566;2003-05-27;278;84;0;;
SPE00120566;2003-05-28;318;136;0;;
SPE00120566;2003-05-29;328;160;0;;
SPE00120566;2003-05-30;332;172;0;;
SPE00120566;2003-05-31;326;171;6;;
SPE00120566;2003-06-01;296;145;0;;
SPE00120566;2003-06-02;278;154;0;;
SPE00120566;2003-06-03;307;176;0;;
SPE00120566;2003-06-04;285;167;2;;
SPE00120566;2003-06-05;306;171;0;;
SPE00120566;2003-06-06;338;168;0;;
SPE00120566;2003-06-07;358;194;0;;
SPE00120566;2003-06-08;358;190;0;;
SPE00120566;2003-06-09;359;185;0;;
SPE00120566;2003-06-10;356;192;0;;
SPE00120566;2003-06-11;374;190;0;;
SPE00120566;2003-06-12;363;224;0;;
SPE00120566;2003-06-13;387;210;1;;
SPE00120566;2003-06-14;336;206;0;;
SPE00120566;2003-06-15;352;179;0;;
SPE00120566;2003-06-16;338;164;0;;
SPE00120566;2003-06-17;351;196;0;;
SPE00120566;2003-06-18;365;201;0;;
SPE00120566;2003-06-19;366;210;0;;
SPE00120566;2003-06-20;366;210;0;;
SPE00120566;2003-06-21;380;190;0;;
SPE00120566;2003-06-22;384;212;0;;
SPE00120566;2003-06-23;375;230;0;;
SPE00120566;2003-06-24;328;228;0;;
SPE00120566;2003-06-25;332;186;0;;
SPE00120566;2003-06-26;345;210;0;;
SPE00120566;2003-06-27;348;194;0;;
SPE00120566;2003-06-28;356;186;0;;
SPE00120566;2003-06-29;337;194;10;;
SPE00120566;2003-06-30;257;142;0;;
SPE00120566;2003-07-01;266;148;0;;
SPE00120566;2003-07-02;281;155;0;;
SPE00120566;2003-07-03;298;152;0;;
SPE00120566;2003-07-04;331;155;0;;
SPE00120566;2003-07-05;349;165;0;;
SPE00120566;2003-07-06;352;192;0;;
SPE00120566;2003-07-07;366;198;0;;
SPE00120566;2003-07-08;382;206;0;;
SPE00120566;2003-07-09;386;226;0;;
SPE00120566;2003-07-10;394;208;0;;
SPE00120566;2003-07-11;408;220;0;;
SPE00120566;2003-07-12;380;244;0;;
SPE00120566;2003-07-13;362;222;0;;
SPE00120566;2003-07-14;334;198;0;;
SPE00120566;2003-07-15;303;171;0;;
SPE00120566;2003-07-16;292;124;0;;
SPE00120566;2003-07-17;344;153;0;;
SPE00120566;2003-07-18;364;178;0;;
SPE00120566;2003-07-19;357;199;0;;
SPE00120566;2003-07-20;356;207;0;;
SPE00120566;2003-07-21;342;182;0;;
SPE00120566;2003-07-22;358;184;0;;
SPE00120566;2003-07-23;344;200;0;;
SPE00120566;2003-07-24;360;198;0;;
SPE00120566;2003-07-25;362;216;0;;
SPE00120566;2003-07-26;360;210;0;;
SPE00120566;2003-07-27;342;194;0;;
SPE00120566;2003-07-28;366;198;0;;
SPE00120566;2003-07-29;383;205;0;;
SPE00120566;2003-07-30;381;224;0;;
SPE00120566;2003-07-31;404;201;0;;
SPE00120566;2003-08-01;420;206;0;;
SPE00120566;2003-08-02;414;232;0;;
SPE00120566;2003-08-03;419;238;0;;
SPE00120566;2003-08-04;400;242;0;;
SPE00120566;2003-08-05;393;236;0;;
SPE00120566;2003-08-06;381;235;0;;
SPE00120566;2003-08-07;386;234;0;;
SPE00120566;2003-08-08;378;227;0;;
SPE00120566;2003-08-09;392;234;0;;
SPE00120566;2003-08-10;388;248;0;;
SPE00120566;2003-08-11;388;234;0;;
SPE00120566;2003-08-12;392;234;0;;
SPE00120566;2003-08-13;388;226;0;;
SPE00120566;2003-08-14;402;210;0;;
SPE00120566;2003-08-15;363;246;0;;
SPE00120566;2003-08-16;310;193;0;;
SPE00120566;2003-08-17;334;182;0;;
SPE00120566;2003-08-18;351;178;0;;
SPE00120566;2003-08-19;374;180;0;;
SPE00120566;2003-08-20;372;206;0;;
SPE00120566;2003-08-21;374;206;6;;
SPE00120566;2003-08-22;308;185;38;;
SPE00120566;2003-08-23;330;170;0;;
SPE00120566;2003-08-24;350;186;0;;
SPE00120566;2003-08-25;331;215;0;;
SPE00120566;2003-08-26;329;184;0;;
SPE00120566;2003-08-27;315;172;0;;
SPE00120566;2003-08-28;257;165;1;;
SPE00120566;2003-08-29;273;158;0;;
SPE00120566;2003-08-30;314;159;0;;
SPE00120566;2003-08-31;324;174;0;;
SPE00120566;2003-09-01;296;182;0;;
SPE00120566;2003-09-02;314;162;0;;
SPE00120566;2003-09-03;314;150;0;;
SPE00120566;2003-09-04;318;204;0;;
SPE00120566;2003-09-05;318;152;0;;
SPE00120566;2003-09-06;324;160;0;;
SPE00120566;2003-09-07;298;182;0;;
SPE00120566;2003-09-08;302;160;0;;
SPE00120566;2003-09-09;274;146;0;;
SPE00120566;2003-09-10;304;96;0;;
SPE00120566;2003-09-11;333;136;0;;
SPE00120566;2003-09-12;328;157;0;;
SPE00120566;2003-09-13;332;165;0;;
SPE00120566;2003-09-14;328;155;0;;
SPE00120566;2003-09-15;284;140;0;;
SPE00120566;2003-09-16;287;142;0;;
SPE00120566;2003-09-17;302;125;0;;
SPE00120566;2003-09-18;306;129;0;;
SPE00120566;2003-09-19;308;138;0;;
SPE00120566;2003-09-20;326;154;0;;
SPE00120566;2003-09-21;307;180;0;;
SPE00120566;2003-09-22;288;171;0;;
SPE00120566;2003-09-23;290;146;0;;
SPE00120566;2003-09-24;300;164;0;;
SPE00120566;2003-09-25;318;160;0;;
SPE00120566;2003-09-26;322;161;1;;
SPE00120566;2003-09-27;310;202;1;;
SPE00120566;2003-09-28;280;173;0;;
SPE00120566;2003-09-29;266;172;23;;
SPE00120566;2003-09-30;237;150;131;;
SPE00120566;2003-10-01;248;149;16;;
SPE00120566;2003-10-02;224;149;39;;
SPE00120566;2003-10-03;236;148;1;;
SPE00120566;2003-10-04;234;116;0;;
SPE00120566;2003-10-05;217;100;0;;
SPE00120566;2003-10-06;193;60;0;;
SPE00120566;2003-10-07;244;80;0;;
SPE00120566;2003-10-08;254;76;0;;
SPE00120566;2003-10-09;257;102;0;;
SPE00120566;2003-10-10;274;92;0;;
SPE00120566;2003-10-11;253;106;50;;
SPE00120566;2003-10-12;254;150;65;;
SPE00120566;2003-10-13;226;142;0;;
SPE00120566;2003-10-14;216;133;1;;
SPE00120566;2003-10-15;227;105;0;;
SPE00120566;2003-10-16;156;126;51;;
SPE00120566;2003-10-17;192;114;27;;
SPE00120566;2003-10-18;214;116;191;;
SPE00120566;2003-10-19;201;134;16;;
SPE00120566;2003-10-20;191;114;0;;
SPE00120566;2003-10-21;188;100;70;;
SPE00120566;2003-10-22;184;92;0;;
SPE00120566;2003-10-23;152;46;0;;
SPE00120566;2003-10-24;150;27;0;;
SPE00120566;2003-10-25;128;59;83;;
SPE00120566;2003-10-26;180;102;0;;
SPE00120566;2003-10-27;188;92;10;;
SPE00120566;2003-10-28;187;106;32;;
SPE00120566;2003-10-29;183;102;0;;
SPE00120566;2003-10-30;164;95;123;;
SPE00120566;2003-10-31;144;84;37;;
SPE00120566;2003-11-01;166;72;0;;
SPE00120566;2003-11-02;153;54;0;;
SPE00120566;2003-11-03;131;45;0;;
SPE00120566;2003-11-04;144;32;0;;
SPE00120566;2003-11-05;156;76;0;;
SPE00120566;2003-11-06;171;78;0;;
SPE00120566;2003-11-07;196;51;0;;
SPE00120566;2003-11-08;174;92;24;;
SPE00120566;2003-11-09;182;97;91;;
SPE00120566;2003-11-10;172;100;0;;
SPE00120566;2003-11-11;167;88;0;;
SPE00120566;2003-11-12;170;90;0;;
SPE00120566;2003-11-13;190;104;0;;
SPE00120566;2003-11-14;176;84;0;;
SPE00120566;2003-11-15;148;94;137;;
SPE00120566;2003-11-16;135;89;6;;
SPE00120566;2003-11-17;154;55;0;;
SPE00120566;2003-11-18;168;42;0;;
SPE00120566;2003-11-19;176;50;0;;
SPE00120566;2003-11-20;175;50;0;;
SPE00120566;2003-11-21;150;45;0;;
SPE00120566;2003-11-22;149;89;133;;
SPE00120566;2003-11-23;118;58;29;;
SPE00120566;2003-11-24;102;36;0;;
SPE00120566;2003-11-25;140;40;0;;
SPE00120566;2003-11-26;126;17;5;;
SPE00120566;2003-11-27;128;50;0;;
SPE00120566;2003-11-28;110;20;0;;
SPE00120566;2003-11-29;124;90;0;;
SPE00120566;2003-11-30;171;84;27;;
SPE00120566;2003-12-01;102;24;20;;
SPE00120566;2003-12-02;96;-1;0;;
SPE00120566;2003-12-03;88;-12;0;;
SPE00120566;2003-12-04;61;-16;3;;
SPE00120566;2003-12-05;113;40;12;;
SPE00120566;2003-12-06;105;45;61;;
SPE00120566;2003-12-07;126;53;2;;
SPE00120566;2003-12-08;110;38;22;;
SPE00120566;2003-12-09;103;46;160;;
SPE00120566;2003-12-10;116;36;0;;
SPE00120566;2003-12-11;126;-2;0;;
SPE00120566;2003-12-12;126;12;0;;
SPE00120566;2003-12-13;94;0;0;;
SPE00120566;2003-12-14;114;4;0;;
SPE00120566;2003-12-15;168;10;0;;
SPE00120566;2003-12-16;126;12;0;;
SPE00120566;2003-12-17;125;24;11;;
SPE00120566;2003-12-18;141;66;10;;
SPE00120566;2003-12-19;135;50;0;;
SPE00120566;2003-12-20;87;25;0;;
SPE00120566;2003-12-21;136;46;0;;
SPE00120566;2003-12-22;116;2;0;;
SPE00120566;2003-12-23;91;-18;0;;
SPE00120566;2003-12-24;125;-3;0;;
SPE00120566;2003-12-25;111;-12;0;;
SPE00120566;2003-12-26;115;-18;0;;
SPE00120566;2003-12-27;120;45;49;;
SPE00120566;2003-12-28;106;36;0;;
SPE00120566;2003-12-29;104;4;1;;
SPE00120566;2003-12-30;132;88;3;;
SPE00120566;2003-12-31;146;58;0;;
SPE00120566;2004-01-01;128;0;0;;
SPE00120566;2004-01-02;116;40;0;;
SPE00120566;2004-01-03;128;40;0;;
SPE00120566;2004-01-04;156;24;0;;
SPE00120566;2004-01-05;141;-10;0;;
SPE00120566;2004-01-06;117;-16;0;;
SPE00120566;2004-01-07;116;-15;0;;
SPE00120566;2004-01-08;138;17;5;;
SPE00120566;2004-01-09;158;100;0;;
SPE00120566;2004-01-10;156;70;0;;
SPE00120566;2004-01-11;101;46;1;;
SPE00120566;2004-01-12;90;55;1;;
SPE00120566;2004-01-13;128;67;1;;
SPE00120566;2004-01-14;140;62;0;;
SPE00120566;2004-01-15;120;-8;0;;
SPE00120566;2004-01-16;130;0;0;;
SPE00120566;2004-01-17;141;20;0;;
SPE00120566;2004-01-18;96;12;0;;
SPE00120566;2004-01-19;116;-22;0;;
SPE00120566;2004-01-20;121;-26;0;;
SPE00120566;2004-01-21;145;-35;0;;
SPE00120566;2004-01-22;146;-26;0;;
SPE00120566;2004-01-23;158;14;0;;
SPE00120566;2004-01-24;194;64;0;;
SPE00120566;2004-01-25;125;22;0;;
SPE00120566;2004-01-26;141;96;8;;
SPE00120566;2004-01-27;166;105;0;;
SPE00120566;2004-01-28;116;10;0;;
SPE00120566;2004-01-29;119;-40;0;;
SPE00120566;2004-01-30;98;20;14;;
SPE00120566;2004-01-31;101;50;54;;
SPE00120566;2004-02-01;142;83;0;;
SPE00120566;2004-02-02;166;70;0;;
SPE00120566;2004-02-03;186;50;0;;
SPE00120566;2004-02-04;200;50;0;;
SPE00120566;2004-02-05;204;39;0;;
SPE00120566;2004-02-06;202;26;0;;
SPE00120566;2004-02-07;180;24;0;;
SPE00120566;2004-02-08;172;40;0;;
SPE00120566;2004-02-09;128;35;0;;
SPE00120566;2004-02-10;164;6;0;;
SPE00120566;2004-02-11;160;-4;0;;
SPE00120566;2004-02-12;187;-14;0;;
SPE00120566;2004-02-13;184;-7;0;;
SPE00120566;2004-02-14;172;3;0;;
SPE00120566;2004-02-15;146;22;0;;
SPE00120566;2004-02-16;114;40;0;;
SPE00120566;2004-02-17;126;-26;0;;
SPE00120566;2004-02-18;111;-15;0;;
SPE00120566;2004-02-19;116;0;0;;
SPE00120566;2004-02-20;104;-12;52;;
SPE00120566;2004-02-21;110;38;135;;
SPE00120566;2004-02-22;106;4;18;;
SPE00120566;2004-02-23;105;12;89;;
SPE00120566;2004-02-24;76;42;169;;
SPE00120566;2004-02-25;130;52;19;;
SPE00120566;2004-02-26;95;18;0;;
SPE00120566;2004-02-27;86;6;3;;
SPE00120566;2004-02-28;106;-13;0;;
SPE00120566;2004-02-29;114;22;0;;
SPE00120566;2004-03-01;86;-24;0;;
SPE00120566;2004-03-02;106;-54;0;;
SPE00120566;2004-03-03;141;-31;0;;
SPE00120566;2004-03-04;164;22;0;;
SPE00120566;2004-03-05;172;54;3;;
SPE00120566;2004-03-06;168;92;22;;
SPE00120566;2004-03-07;182;28;0;;
SPE00120566;2004-03-08;177;50;0;;
SPE00120566;2004-03-09;188;44;0;;
SPE00120566;2004-03-10;180;92;0;;
SPE00120566;2004-03-11;163;64;0;;
SPE00120566;2004-03-12;154;73;107;;
SPE00120566;2004-03-13;127;60;63;;
SPE00120566;2004-03-14;156;32;0;;
SPE00120566;2004-03-15;200;50;0;;
SPE00120566;2004-03-16;152;74;0;;
SPE00120566;2004-03-17;167;93;0;;
SPE00120566;2004-03-18;190;54;0;;
SPE00120566;2004-03-19;212;74;0;;
SPE00120566;2004-03-20;232;64;0;;
SPE00120566;2004-03-21;235;76;0;;
SPE00120566;2004-03-22;152;61;0;;
SPE00120566;2004-03-23;150;45;15;;
SPE00120566;2004-03-24;96;60;8;;
SPE00120566;2004-03-25;133;24;0;;
SPE00120566;2004-03-26;64;25;113;;
SPE00120566;2004-03-27;81;19;36;;
SPE00120566;2004-03-28;86;14;391;;
SPE00120566;2004-03-29;104;60;180;;
SPE00120566;2004-03-30;98;74;54;;
SPE00120566;2004-03-31;144;52;1;;
SPE00120566;2004-04-01;122;60;165;;
SPE00120566;2004-04-02;132;50;7;;
SPE00120566;2004-04-03;170;40;0;;
SPE00120566;2004-04-04;203;52;0;;
SPE00120566;2004-04-05;229;74;0;;
SPE00120566;2004-04-06;248;90;0;;
SPE00120566;2004-04-07;232;94;0;;
SPE00120566;2004-04-08;187;62;0;;
SPE00120566;2004-04-09;155;36;0;;
SPE00120566;2004-04-10;134;5;0;;
SPE00120566;2004-04-11;144;5;0;;
SPE00120566;2004-04-12;164;18;0;;
SPE00120566;2004-04-13;166;24;0;;
SPE00120566;2004-04-14;177;21;0;;
SPE00120566;2004-04-15;196;53;59;;
SPE00120566;2004-04-16;208;86;1;;
SPE00120566;2004-04-17;156;52;5;;
SPE00120566;2004-04-18;157;70;0;;
SPE00120566;2004-04-19;162;40;0;;
SPE00120566;2004-04-20;174;79;0;;
SPE00120566;2004-04-21;226;54;7;;
SPE00120566;2004-04-22;178;70;0;;
SPE00120566;2004-04-23;208;37;0;;
SPE00120566;2004-04-24;247;67;0;;
SPE00120566;2004-04-25;276;76;0;;
SPE00120566;2004-04-26;280;102;0;;
SPE00120566;2004-04-27;280;116;0;;
SPE00120566;2004-04-28;220;97;40;;
SPE00120566;2004-04-29;186;98;0;;
SPE00120566;2004-04-30;160;76;4;;
SPE00120566;2004-05-01;136;72;49;;
SPE00120566;2004-05-02;143;84;169;;
SPE00120566;2004-05-03;149;79;16;;
SPE00120566;2004-05-04;194;57;0;;
SPE00120566;2004-05-05;162;100;32;;
SPE00120566;2004-05-06;172;76;0;;
SPE00120566;2004-05-07;177;52;0;;
SPE00120566;2004-05-08;188;52;0;;
SPE00120566;2004-05-09;188;73;42;;
SPE00120566;2004-05-10;186;92;120;;
SPE00120566;2004-05-11;130;96;294;;
SPE00120566;2004-05-12;183;97;41;;
SPE00120566;2004-05-13;213;78;0;;
SPE00120566;2004-05-14;204;80;0;;
SPE00120566;2004-05-15;228;98;0;;
SPE00120566;2004-05-16;242;100;0;;
SPE00120566;2004-05-17;264;99;0;;
SPE00120566;2004-05-18;252;119;0;;
SPE00120566;2004-05-19;256;110;0;;
SPE00120566;2004-05-20;263;94;0;;
SPE00120566;2004-05-21;227;115;42;;
SPE00120566;2004-05-22;232;128;15;;
SPE00120566;2004-05-23;216;115;0;;
SPE00120566;2004-05-24;210;132;21;;
SPE00120566;2004-05-25;190;116;96;;
SPE00120566;2004-05-26;220;126;0;;
SPE00120566;2004-05-27;252;116;0;;
SPE00120566;2004-05-28;270;138;0;;
SPE00120566;2004-05-29;282;134;0;;
SPE00120566;2004-05-30;290;156;0;;
SPE00120566;2004-05-31;306;153;0;;
SPE00120566;2004-06-01;319;165;0;;
SPE00120566;2004-06-02;328;165;0;;
SPE00120566;2004-06-03;319;144;0;;
SPE00120566;2004-06-04;318;144;0;;
SPE00120566;2004-06-05;338;147;0;;
SPE00120566;2004-06-06;336;179;97;;
SPE00120566;2004-06-07;282;156;0;;
SPE00120566;2004-06-08;304;164;0;;
SPE00120566;2004-06-09;318;168;0;;
SPE00120566;2004-06-10;327;184;0;;
SPE00120566;2004-06-11;342;184;0;;
SPE00120566;2004-06-12;350;192;6;;
SPE00120566;2004-06-13;315;170;0;;
SPE00120566;2004-06-14;293;136;0;;
SPE00120566;2004-06-15;270;115;0;;
SPE00120566;2004-06-16;304;132;0;;
SPE00120566;2004-06-17;335;156;0;;
SPE00120566;2004-06-18;347;155;1;;
SPE00120566;2004-06-19;281;164;0;;
SPE00120566;2004-06-20;276;167;0;;
SPE00120566;2004-06-21;292;140;0;;
SPE00120566;2004-06-22;326;180;0;;
SPE00120566;2004-06-23;312;182;0;;
SPE00120566;2004-06-24;332;193;0;;
SPE00120566;2004-06-25;346;196;0;;
SPE00120566;2004-06-26;380;200;0;;
SPE00120566;2004-06-27;394;206;0;;
SPE00120566;2004-06-28;400;223;0;;
SPE00120566;2004-06-29;398;203;0;;
SPE00120566;2004-06-30;382;222;0;;
SPE00120566;2004-07-01;373;206;0;;
SPE00120566;2004-07-02;365;205;0;;
SPE00120566;2004-07-03;354;196;0;;
SPE00120566;2004-07-04;372;195;0;;
SPE00120566;2004-07-05;378;194;3;;
SPE00120566;2004-07-06;316;192;31;;
SPE00120566;2004-07-07;256;116;0;;
SPE00120566;2004-07-08;268;118;0;;
SPE00120566;2004-07-09;296;110;0;;
SPE00120566;2004-07-10;310;150;0;;
SPE00120566;2004-07-11;322;172;0;;
SPE00120566;2004-07-12;309;146;0;;
SPE00120566;2004-07-13;324;148;0;;
SPE00120566;2004-07-14;336;154;0;;
SPE00120566;2004-07-15;365;190;0;;
SPE00120566;2004-07-16;373;200;14;;
SPE00120566;2004-07-17;346;190;0;;
SPE00120566;2004-07-18;346;202;0;;
SPE00120566;2004-07-19;338;196;0;;
SPE00120566;2004-07-20;347;178;0;;
SPE00120566;2004-07-21;374;181;0;;
SPE00120566;2004-07-22;384;200;0;;
SPE00120566;2004-07-23;392;242;0;;
SPE00120566;2004-07-24;408;245;0;;
SPE00120566;2004-07-25;400;230;0;;
SPE00120566;2004-07-26;364;209;0;;
SPE00120566;2004-07-27;372;187;0;;
SPE00120566;2004-07-28;368;190;0;;
SPE00120566;2004-07-29;346;196;0;;
SPE00120566;2004-07-30;366;202;0;;
SPE00120566;2004-07-31;382;220;0;;
SPE00120566;2004-08-01;379;242;3;;
SPE00120566;2004-08-02;373;240;0;;
SPE00120566;2004-08-03;306;205;0;;
SPE00120566;2004-08-04;316;184;0;;
SPE00120566;2004-08-05;337;174;0;;
SPE00120566;2004-08-06;368;185;0;;
SPE00120566;2004-08-07;358;209;0;;
SPE00120566;2004-08-08;330;209;4;;
SPE00120566;2004-08-09;246;152;82;;
SPE00120566;2004-08-10;266;150;0;;
SPE00120566;2004-08-11;299;162;0;;
SPE00120566;2004-08-12;294;192;0;;
SPE00120566;2004-08-13;326;158;0;;
SPE00120566;2004-08-14;366;164;0;;
SPE00120566;2004-08-15;359;186;0;;
SPE00120566;2004-08-16;322;187;0;;
SPE00120566;2004-08-17;265;165;83;;
SPE00120566;2004-08-18;304;174;37;;
SPE00120566;2004-08-19;263;168;1;;
SPE00120566;2004-08-20;273;146;0;;
SPE00120566;2004-08-21;306;129;0;;
SPE00120566;2004-08-22;314;171;0;;
SPE00120566;2004-08-23;364;206;0;;
SPE00120566;2004-08-24;370;216;0;;
SPE00120566;2004-08-25;364;176;0;;
SPE00120566;2004-08-26;355;164;0;;
SPE00120566;2004-08-27;348;160;0;;
SPE00120566;2004-08-28;349;173;0;;
SPE00120566;2004-08-29;340;166;0;;
SPE00120566;2004-08-30;348;180;0;;
SPE00120566;2004-08-31;328;194;0;;
SPE00120566;2004-09-01;321;176;0;;
SPE00120566;2004-09-02;288;164;0;;
SPE00120566;2004-09-03;232;162;10;;
SPE00120566;2004-09-04;322;160;0;;
SPE00120566;2004-09-05;327;200;0;;
SPE00120566;2004-09-06;311;155;0;;
SPE00120566;2004-09-07;324;158;0;;
SPE00120566;2004-09-08;330;212;0;;
SPE00120566;2004-09-09;339;204;0;;
SPE00120566;2004-09-10;339;200;0;;
SPE00120566;2004-09-11;329;175;0;;
SPE00120566;2004-09-12;330;173;0;;
SPE00120566;2004-09-13;308;142;0;;
SPE00120566;2004-09-14;277;134;0;;
SPE00120566;2004-09-15;265;155;0;;
SPE00120566;2004-09-16;272;125;0;;
SPE00120566;2004-09-17;308;108;0;;
SPE00120566;2004-09-18;324;126;0;;
SPE00120566;2004-09-19;337;165;0;;
SPE00120566;2004-09-20;333;140;0;;
SPE00120566;2004-09-21;344;146;0;;
SPE00120566;2004-09-22;346;146;0;;
SPE00120566;2004-09-23;339;148;0;;
SPE00120566;2004-09-24;338;149;0;;
SPE00120566;2004-09-25;265;142;0;;
SPE00120566;2004-09-26;274;91;0;;
SPE00120566;2004-09-27;280;132;0;;
SPE00120566;2004-09-28;309;110;0;;
SPE00120566;2004-09-29;317;101;0;;
SPE00120566;2004-09-30;328;109;0;;
SPE00120566;2004-10-01;322;123;0;;
SPE00120566;2004-10-02;332;126;0;;
SPE00120566;2004-10-03;312;130;0;;
SPE00120566;2004-10-04;324;121;0;;
SPE00120566;2004-10-05;312;127;0;;
SPE00120566;2004-10-06;296;150;0;;
SPE00120566;2004-10-07;303;150;0;;
SPE00120566;2004-10-08;274;165;0;;
SPE00120566;2004-10-09;216;105;0;;
SPE00120566;2004-10-10;198;94;0;;
SPE00120566;2004-10-11;200;96;0;;
SPE00120566;2004-10-12;217;100;0;;
SPE00120566;2004-10-13;213;44;0;;
SPE00120566;2004-10-14;196;70;0;;
SPE00120566;2004-10-15;202;98;0;;
SPE00120566;2004-10-16;206;70;0;;
SPE00120566;2004-10-17;226;80;0;;
SPE00120566;2004-10-18;220;82;69;;
SPE00120566;2004-10-19;236;139;53;;
SPE00120566;2004-10-20;246;156;13;;
SPE00120566;2004-10-21;206;126;29;;
SPE00120566;2004-10-22;240;116;0;;
SPE00120566;2004-10-23;288;100;0;;
SPE00120566;2004-10-24;240;144;9;;
SPE00120566;2004-10-25;154;102;169;;
SPE00120566;2004-10-26;180;72;25;;
SPE00120566;2004-10-27;156;98;110;;
SPE00120566;2004-10-28;170;74;107;;
SPE00120566;2004-10-29;156;56;18;;
SPE00120566;2004-10-30;142;70;41;;
SPE00120566;2004-10-31;145;79;1;;
SPE00120566;2004-11-01;166;40;0;;
SPE00120566;2004-11-02;168;52;11;;
SPE00120566;2004-11-03;150;76;0;;
SPE00120566;2004-11-04;164;107;32;;
SPE00120566;2004-11-05;182;105;0;;
SPE00120566;2004-11-06;193;80;0;;
SPE00120566;2004-11-07;186;84;0;;
SPE00120566;2004-11-08;180;34;0;;
SPE00120566;2004-11-09;179;36;0;;
SPE00120566;2004-11-10;153;55;0;;
SPE00120566;2004-11-11;134;35;1;;
SPE00120566;2004-11-12;140;58;0;;
SPE00120566;2004-11-13;148;12;0;;
SPE00120566;2004-11-14;141;12;0;;
SPE00120566;2004-11-15;145;-13;0;;
SPE00120566;2004-11-16;152;-10;0;;
SPE00120566;2004-11-17;166;-8;0;;
SPE00120566;2004-11-18;158;-8;0;;
SPE00120566;2004-11-19;155;-16;0;;
SPE00120566;2004-11-20;170;12;0;;
SPE00120566;2004-11-21;171;10;0;;
SPE00120566;2004-11-22;152;20;0;;
SPE00120566;2004-11-23;149;16;0;;
SPE00120566;2004-11-24;143;-5;0;;
SPE00120566;2004-11-25;160;10;0;;
SPE00120566;2004-11-26;146;12;0;;
SPE00120566;2004-11-27;138;-4;0;;
SPE00120566;2004-11-28;127;14;30;;
SPE00120566;2004-11-29;116;75;6;;
SPE00120566;2004-11-30;96;63;9;;
SPE00120566;2004-12-01;110;58;69;;
SPE00120566;2004-12-02;106;34;0;;
SPE00120566;2004-12-03;96;15;30;;
SPE00120566;2004-12-04;116;59;2;;
SPE00120566;2004-12-05;130;52;0;;
SPE00120566;2004-12-06;110;27;0;;
SPE00120566;2004-12-07;64;6;0;;
SPE00120566;2004-12-08;126;3;0;;
SPE00120566;2004-12-09;130;-8;0;;
SPE00120566;2004-12-10;102;26;0;;
SPE00120566;2004-12-11;128;12;0;;
SPE00120566;2004-12-12;142;36;0;;
SPE00120566;2004-12-13;142;62;0;;
SPE00120566;2004-12-14;116;70;0;;
SPE00120566;2004-12-15;136;72;0;;
SPE00120566;2004-12-16;154;55;0;;
SPE00120566;2004-12-17;146;29;0;;
SPE00120566;2004-12-18;178;54;0;;
SPE00120566;2004-12-19;152;39;0;;
SPE00120566;2004-12-20;132;19;0;;
SPE00120566;2004-12-21;88;-14;0;;
SPE00120566;2004-12-22;102;-18;0;;
SPE00120566;2004-12-23;122;-31;0;;
SPE00120566;2004-12-24;135;-21;0;;
SPE00120566;2004-12-25;101;-14;0;;
SPE00120566;2004-12-26;67;0;0;;
SPE00120566;2004-12-27;89;-25;0;;
SPE00120566;2004-12-28;88;-31;4;;
SPE00120566;2004-12-29;122;20;0;;
SPE00120566;2004-12-30;140;2;0;;
SPE00120566;2004-12-31;158;10;0;;
SPE00120566;2005-01-01;152;-16;0;;
SPE00120566;2005-01-02;138;-14;0;;
SPE00120566;2005-01-03;116;-6;0;;
SPE00120566;2005-01-04;92;-28;0;;
SPE00120566;2005-01-05;95;-47;0;;
SPE00120566;2005-01-06;124;-45;0;;
SPE00120566;2005-01-07;144;-40;0;;
SPE00120566;2005-01-08;128;-54;0;;
SPE00120566;2005-01-09;121;-52;0;;
SPE00120566;2005-01-10;95;-53;0;;
SPE00120566;2005-01-11;116;-63;0;;
SPE00120566;2005-01-12;124;-50;0;;
SPE00120566;2005-01-13;139;-22;0;;
SPE00120566;2005-01-14;134;-5;0;;
SPE00120566;2005-01-15;126;-6;0;;
SPE00120566;2005-01-16;152;-7;0;;
SPE00120566;2005-01-17;138;-32;0;;
SPE00120566;2005-01-18;151;-20;0;;
SPE00120566;2005-01-19;151;47;0;;
SPE00120566;2005-01-20;178;42;0;;
SPE00120566;2005-01-21;176;0;0;;
SPE00120566;2005-01-22;176;-20;0;;
SPE00120566;2005-01-23;147;-30;0;;
SPE00120566;2005-01-24;132;-8;0;;
SPE00120566;2005-01-25;82;-40;0;;
SPE00120566;2005-01-26;52;-44;2;;
SPE00120566;2005-01-27;56;-96;0;;
SPE00120566;2005-01-28;91;-83;0;;
SPE00120566;2005-01-29;120;-6;0;;
SPE00120566;2005-01-30;102;-50;0;;
SPE00120566;2005-01-31;106;-52;0;;
SPE00120566;2005-02-01;136;-38;0;;
SPE00120566;2005-02-02;150;-10;0;;
SPE00120566;2005-02-03;146;-25;0;;
SPE00120566;2005-02-04;132;-36;0;;
SPE00120566;2005-02-05;110;-10;22;;
SPE00120566;2005-02-06;105;30;79;;
SPE00120566;2005-02-07;70;28;34;;
SPE00120566;2005-02-08;120;40;17;;
SPE00120566;2005-02-09;126;0;0;;
SPE00120566;2005-02-10;140;10;0;;
SPE00120566;2005-02-11;151;-11;0;;
SPE00120566;2005-02-12;176;6;0;;
SPE00120566;2005-02-13;186;19;0;;
SPE00120566;2005-02-14;126;8;0;;
SPE00120566;2005-02-15;114;16;0;;
SPE00120566;2005-02-16;105;-35;0;;
SPE00120566;2005-02-17;122;-16;0;;
SPE00120566;2005-02-18;108;-46;0;;
SPE00120566;2005-02-19;140;-36;0;;
SPE00120566;2005-02-20;137;16;0;;
SPE00120566;2005-02-21;90;-14;0;;
SPE00120566;2005-02-22;100;-30;34;;
SPE00120566;2005-02-23;75;4;104;;
SPE00120566;2005-02-24;82;16;0;;
SPE00120566;2005-02-25;92;-14;0;;
SPE00120566;2005-02-26;101;-30;0;;
SPE00120566;2005-02-27;86;-10;0;;
SPE00120566;2005-02-28;56;-36;0;;
SPE00120566;2005-03-01;81;-42;0;;
SPE00120566;2005-03-02;76;13;1;;
SPE00120566;2005-03-03;118;-24;0;;
SPE00120566;2005-03-04;98;-26;0;;
SPE00120566;2005-03-05;144;-38;0;;
SPE00120566;2005-03-06;125;6;0;;
SPE00120566;2005-03-07;119;-37;0;;
SPE00120566;2005-03-08;130;-46;0;;
SPE00120566;2005-03-09;154;-38;0;;
SPE00120566;2005-03-10;193;-36;0;;
SPE00120566;2005-03-11;194;12;0;;
SPE00120566;2005-03-12;166;43;0;;
SPE00120566;2005-03-13;186;70;0;;
SPE00120566;2005-03-14;208;68;0;;
SPE00120566;2005-03-15;216;76;0;;
SPE00120566;2005-03-16;221;78;0;;
SPE00120566;2005-03-17;242;74;0;;
SPE00120566;2005-03-18;228;70;0;;
SPE00120566;2005-03-19;214;76;0;;
SPE00120566;2005-03-20;238;98;0;;
SPE00120566;2005-03-21;227;133;36;;
SPE00120566;2005-03-22;203;104;0;;
SPE00120566;2005-03-23;181;93;53;;
SPE00120566;2005-03-24;192;73;0;;
SPE00120566;2005-03-25;220;107;0;;
SPE00120566;2005-03-26;174;94;25;;
SPE00120566;2005-03-27;166;74;0;;
SPE00120566;2005-03-28;162;86;20;;
SPE00120566;2005-03-29;192;112;0;;
SPE00120566;2005-03-30;213;75;0;;
SPE00120566;2005-03-31;240;97;0;;
SPE00120566;2005-04-01;236;104;0;;
SPE00120566;2005-04-02;168;98;34;;
SPE00120566;2005-04-03;182;96;4;;
SPE00120566;2005-04-04;201;83;0;;
SPE00120566;2005-04-05;214;66;0;;
SPE00120566;2005-04-06;222;96;0;;
SPE00120566;2005-04-07;242;94;0;;
SPE00120566;2005-04-08;166;50;17;;
SPE00120566;2005-04-09;143;12;0;;
SPE00120566;2005-04-10;170;-13;0;;
SPE00120566;2005-04-11;192;20;0;;
SPE00120566;2005-04-12;216;24;0;;
SPE00120566;2005-04-13;233;52;0;;
SPE00120566;2005-04-14;226;79;7;;
SPE00120566;2005-04-15;162;62;0;;
SPE00120566;2005-04-16;156;26;0;;
SPE00120566;2005-04-17;213;50;0;;
SPE00120566;2005-04-18;192;95;7;;
SPE00120566;2005-04-19;186;62;0;;
SPE00120566;2005-04-20;214;76;0;;
SPE00120566;2005-04-21;243;80;0;;
SPE00120566;2005-04-22;242;111;0;;
SPE00120566;2005-04-23;217;105;0;;
SPE00120566;2005-04-24;194;84;0;;
SPE00120566;2005-04-25;230;56;0;;
SPE00120566;2005-04-26;264;70;0;;
SPE00120566;2005-04-27;289;80;0;;
SPE00120566;2005-04-28;306;121;0;;
SPE00120566;2005-04-29;316;122;0;;
SPE00120566;2005-04-30;306;140;0;;
SPE00120566;2005-05-01;304;134;0;;
SPE00120566;2005-05-02;275;140;0;;
SPE00120566;2005-05-03;248;117;0;;
SPE00120566;2005-05-04;278;135;0;;
SPE00120566;2005-05-05;246;112;0;;
SPE00120566;2005-05-06;277;76;0;;
SPE00120566;2005-05-07;307;90;0;;
SPE00120566;2005-05-08;286;157;0;;
SPE00120566;2005-05-09;296;164;0;;
SPE00120566;2005-05-10;249;138;0;;
SPE00120566;2005-05-11;258;126;17;;
SPE00120566;2005-05-12;212;121;60;;
SPE00120566;2005-05-13;204;98;7;;
SPE00120566;2005-05-14;226;80;0;;
SPE00120566;2005-05-15;228;98;0;;
SPE00120566;2005-05-16;172;79;0;;
SPE00120566;2005-05-17;222;79;0;;
SPE00120566;2005-05-18;260;66;0;;
SPE00120566;2005-05-19;312;100;0;;
SPE00120566;2005-05-20;329;123;0;;
SPE00120566;2005-05-21;279;167;0;;
SPE00120566;2005-05-22;246;116;0;;
SPE00120566;2005-05-23;272;92;0;;
SPE00120566;2005-05-24;322;138;0;;
SPE00120566;2005-05-25;344;150;0;;
SPE00120566;2005-05-26;367;174;0;;
SPE00120566;2005-05-27;342;174;0;;
SPE00120566;2005-05-28;349;172;0;;
SPE00120566;2005-05-29;233;165;0;;
SPE00120566;2005-05-30;262;168;3;;
SPE00120566;2005-05-31;248;167;2;;
SPE00120566;2005-06-01;302;166;0;;
SPE00120566;2005-06-02;314;164;0;;
SPE00120566;2005-06-03;338;180;0;;
SPE00120566;2005-06-04;354;184;0;;
SPE00120566;2005-06-05;363;190;0;;
SPE00120566;2005-06-06;367;187;0;;
SPE00120566;2005-06-07;338;186;0;;
SPE00120566;2005-06-08;346;180;0;;
SPE00120566;2005-06-09;352;172;0;;
SPE00120566;2005-06-10;350;184;7;;
SPE00120566;2005-06-11;348;172;0;;
SPE00120566;2005-06-12;323;207;0;;
SPE00120566;2005-06-13;252;160;0;;
SPE00120566;2005-06-14;286;147;0;;
SPE00120566;2005-06-15;323;160;0;;
SPE00120566;2005-06-16;360;192;0;;
SPE00120566;2005-06-17;368;216;0;;
SPE00120566;2005-06-18;363;211;0;;
SPE00120566;2005-06-19;386;209;0;;
SPE00120566;2005-06-20;376;230;2;;
SPE00120566;2005-06-21;379;224;0;;
SPE00120566;2005-06-22;379;228;0;;
SPE00120566;2005-06-23;322;200;2;;
SPE00120566;2005-06-24;342;180;0;;
SPE00120566;2005-06-25;344;186;0;;
SPE00120566;2005-06-26;353;176;0;;
SPE00120566;2005-06-27;338;213;0;;
SPE00120566;2005-06-28;316;189;0;;
SPE00120566;2005-06-29;302;156;0;;
SPE00120566;2005-06-30;326;170;0;;
SPE00120566;2005-07-01;353;187;0;;
SPE00120566;2005-07-02;378;220;0;;
SPE00120566;2005-07-03;404;216;0;;
SPE00120566;2005-07-04;350;228;0;;
SPE00120566;2005-07-05;348;192;0;;
SPE00120566;2005-07-06;364;198;0;;
SPE00120566;2005-07-07;364;200;0;;
SPE00120566;2005-07-08;348;192;0;;
SPE00120566;2005-07-09;346;202;0;;
SPE00120566;2005-07-10;337;176;0;;
SPE00120566;2005-07-11;359;195;0;;
SPE00120566;2005-07-12;375;199;0;;
SPE00120566;2005-07-13;382;215;0;;
SPE00120566;2005-07-14;394;214;0;;
SPE00120566;2005-07-15;403;247;0;;
SPE00120566;2005-07-16;388;222;0;;
SPE00120566;2005-07-17;350;223;0;;
SPE00120566;2005-07-18;320;166;0;;
SPE00120566;2005-07-19;372;176;0;;
SPE00120566;2005-07-20;396;214;0;;
SPE00120566;2005-07-21;396;190;0;;
SPE00120566;2005-07-22;366;218;0;;
SPE00120566;2005-07-23;364;214;0;;
SPE00120566;2005-07-24;346;200;0;;
SPE00120566;2005-07-25;324;208;0;;
SPE00120566;2005-07-26;344;192;0;;
SPE00120566;2005-07-27;324;209;0;;
SPE00120566;2005-07-28;316;185;0;;
SPE00120566;2005-07-29;294;187;0;;
SPE00120566;2005-07-30;320;152;0;;
SPE00120566;2005-07-31;354;149;0;;
SPE00120566;2005-08-01;326;185;0;;
SPE00120566;2005-08-02;302;156;0;;
SPE00120566;2005-08-03;330;154;0;;
SPE00120566;2005-08-04;356;178;0;;
SPE00120566;2005-08-05;388;204;0;;
SPE00120566;2005-08-06;392;198;0;;
SPE00120566;2005-08-07;412;198;0;;
SPE00120566;2005-08-08;388;260;0;;
SPE00120566;2005-08-09;370;200;0;;
SPE00120566;2005-08-10;242;184;38;;
SPE00120566;2005-08-11;304;172;0;;
SPE00120566;2005-08-12;336;168;0;;
SPE00120566;2005-08-13;362;208;0;;
SPE00120566;2005-08-14;384;208;0;;
SPE00120566;2005-08-15;393;210;0;;
SPE00120566;2005-08-16;353;214;0;;
SPE00120566;2005-08-17;357;190;0;;
SPE00120566;2005-08-18;355;195;0;;
SPE00120566;2005-08-19;318;194;0;;
SPE00120566;2005-08-20;314;174;0;;
SPE00120566;2005-08-21;266;132;0;;
SPE00120566;2005-08-22;313;108;0;;
SPE00120566;2005-08-23;329;161;0;;
SPE00120566;2005-08-24;352;168;0;;
SPE00120566;2005-08-25;363;192;0;;
SPE00120566;2005-08-26;359;172;0;;
SPE00120566;2005-08-27;344;200;0;;
SPE00120566;2005-08-28;363;209;0;;
SPE00120566;2005-08-29;365;210;0;;
SPE00120566;2005-08-30;379;206;0;;
SPE00120566;2005-08-31;352;201;0;;
SPE00120566;2005-09-01;340;186;0;;
SPE00120566;2005-09-02;348;206;0;;
SPE00120566;2005-09-03;364;204;0;;
SPE00120566;2005-09-04;360;180;0;;
SPE00120566;2005-09-05;296;179;0;;
SPE00120566;2005-09-06;258;140;4;;
SPE00120566;2005-09-07;238;135;1;;
SPE00120566;2005-09-08;284;125;0;;
SPE00120566;2005-09-09;289;164;0;;
SPE00120566;2005-09-10;255;130;0;;
SPE00120566;2005-09-11;260;110;0;;
SPE00120566;2005-09-12;268;128;0;;
SPE00120566;2005-09-13;278;128;0;;
SPE00120566;2005-09-14;296;140;0;;
SPE00120566;2005-09-15;326;156;0;;
SPE00120566;2005-09-16;320;154;2;;
SPE00120566;2005-09-17;230;100;0;;
SPE00120566;2005-09-18;229;68;0;;
SPE00120566;2005-09-19;256;63;0;;
SPE00120566;2005-09-20;295;70;0;;
SPE00120566;2005-09-21;310;80;0;;
SPE00120566;2005-09-22;320;103;0;;
SPE00120566;2005-09-23;283;150;0;;
SPE00120566;2005-09-24;307;154;0;;
SPE00120566;2005-09-25;284;154;0;;
SPE00120566;2005-09-26;266;120;0;;
SPE00120566;2005-09-27;274;134;0;;
SPE00120566;2005-09-28;291;140;0;;
SPE00120566;2005-09-29;304;131;0;;
SPE00120566;2005-09-30;306;125;0;;
SPE00120566;2005-10-01;316;116;0;;
SPE00120566;2005-10-02;236;127;0;;
SPE00120566;2005-10-03;225;81;0;;
SPE00120566;2005-10-04;246;64;0;;
SPE00120566;2005-10-05;274;58;0;;
SPE00120566;2005-10-06;278;66;0;;
SPE00120566;2005-10-07;272;116;0;;
SPE00120566;2005-10-08;247;115;0;;
SPE00120566;2005-10-09;261;116;3;;
SPE00120566;2005-10-10;244;147;55;;
SPE00120566;2005-10-11;238;144;55;;
SPE00120566;2005-10-12;242;128;78;;
SPE00120566;2005-10-13;170;93;25;;
SPE00120566;2005-10-14;168;84;0;;
SPE00120566;2005-10-15;192;74;0;;
SPE00120566;2005-10-16;221;96;0;;
SPE00120566;2005-10-17;191;130;14;;
SPE00120566;2005-10-18;218;130;1;;
SPE00120566;2005-10-19;224;110;0;;
SPE00120566;2005-10-20;201;108;15;;
SPE00120566;2005-10-21;200;96;60;;
SPE00120566;2005-10-22;187;124;157;;
SPE00120566;2005-10-23;198;100;1;;
SPE00120566;2005-10-24;214;82;0;;
SPE00120566;2005-10-25;212;82;0;;
SPE00120566;2005-10-26;219;110;0;;
SPE00120566;2005-10-27;262;122;9;;
SPE00120566;2005-10-28;244;134;106;;
SPE00120566;2005-10-29;230;108;0;;
SPE00120566;2005-10-30;246;134;10;;
SPE00120566;2005-10-31;176;106;0;;
SPE00120566;2005-11-01;190;101;0;;
SPE00120566;2005-11-02;206;80;0;;
SPE00120566;2005-11-03;184;81;0;;
SPE00120566;2005-11-04;164;84;0;;
SPE00120566;2005-11-05;158;40;0;;
SPE00120566;2005-11-06;180;16;0;;
SPE00120566;2005-11-07;182;16;0;;
SPE00120566;2005-11-08;194;14;15;;
SPE00120566;2005-11-09;144;50;0;;
SPE00120566;2005-11-10;174;56;0;;
SPE00120566;2005-11-11;158;44;0;;
SPE00120566;2005-11-12;158;48;120;;
SPE00120566;2005-11-13;86;50;6;;
SPE00120566;2005-11-14;111;40;3;;
SPE00120566;2005-11-15;91;56;36;;
SPE00120566;2005-11-16;134;30;1;;
SPE00120566;2005-11-17;126;24;0;;
SPE00120566;2005-11-18;122;60;0;;
SPE00120566;2005-11-19;172;80;0;;
SPE00120566;2005-11-20;158;96;0;;
SPE00120566;2005-11-21;151;75;0;;
SPE00120566;2005-11-22;160;77;0;;
SPE00120566;2005-11-23;142;44;0;;
SPE00120566;2005-11-24;124;12;0;;
SPE00120566;2005-11-25;106;-6;7;;
SPE00120566;2005-11-26;86;2;0;;
SPE00120566;2005-11-27;95;-18;24;;
SPE00120566;2005-11-28;100;21;2;;
SPE00120566;2005-11-29;82;-10;0;;
SPE00120566;2005-11-30;120;-12;0;;
SPE00120566;2005-12-01;120;6;76;;
SPE00120566;2005-12-02;143;89;31;;
SPE00120566;2005-12-03;136;80;0;;
SPE00120566;2005-12-04;141;75;2;;
SPE00120566;2005-12-05;141;45;0;;
SPE00120566;2005-12-06;126;15;0;;
SPE00120566;2005-12-07;150;10;0;;
SPE00120566;2005-12-08;144;6;0;;
SPE00120566;2005-12-09;164;24;0;;
SPE00120566;2005-12-10;110;-8;0;;
SPE00120566;2005-12-11;100;-44;0;;
SPE00120566;2005-12-12;95;-30;0;;
SPE00120566;2005-12-13;110;-30;0;;
SPE00120566;2005-12-14;104;-14;0;;
SPE00120566;2005-12-15;96;-26;0;;
SPE00120566;2005-12-16;96;-44;0;;
SPE00120566;2005-12-17;136;-36;0;;
SPE00120566;2005-12-18;110;-6;0;;
SPE00120566;2005-12-19;90;-20;0;;
SPE00120566;2005-12-20;108;4;0;;
SPE00120566;2005-12-21;122;20;0;;
SPE00120566;2005-12-22;116;-24;0;;
SPE00120566;2005-12-23;91;-35;0;;
SPE00120566;2005-12-24;86;-44;0;;
SPE00120566;2005-12-25;92;10;0;;
SPE00120566;2005-12-26;81;22;43;;
SPE00120566;2005-12-27;116;62;0;;
SPE00120566;2005-12-28;70;4;0;;
SPE00120566;2005-12-29;106;-2;0;;
SPE00120566;2005-12-30;160;86;0;;
SPE00120566;2005-12-31;124;50;0;;
SPE00120566;2006-01-01;128;46;0;;
SPE00120566;2006-01-02;127;9;0;;
SPE00120566;2006-01-03;126;4;0;;
SPE00120566;2006-01-04;126;-10;0;;
SPE00120566;2006-01-05;128;14;5;;
SPE00120566;2006-01-06;97;45;27;;
SPE00120566;2006-01-07;74;43;7;;
SPE00120566;2006-01-08;100;40;0;;
SPE00120566;2006-01-09;102;34;24;;
SPE00120566;2006-01-10;86;30;0;;
SPE00120566;2006-01-11;126;34;0;;
SPE00120566;2006-01-12;114;-4;0;;
SPE00120566;2006-01-13;62;-16;1;;
SPE00120566;2006-01-14;84;4;0;;
SPE00120566;2006-01-15;102;30;75;;
SPE00120566;2006-01-16;65;42;19;;
SPE00120566;2006-01-17;118;41;0;;
SPE00120566;2006-01-18;140;28;0;;
SPE00120566;2006-01-19;148;16;0;;
SPE00120566;2006-01-20;147;3;0;;
SPE00120566;2006-01-21;81;21;0;;
SPE00120566;2006-01-22;110;26;0;;
SPE00120566;2006-01-23;106;2;0;;
SPE00120566;2006-01-24;124;-6;0;;
SPE00120566;2006-01-25;81;22;0;;
SPE00120566;2006-01-26;98;-15;0;;
SPE00120566;2006-01-27;70;-36;0;;
SPE00120566;2006-01-28;68;-56;6;;
SPE00120566;2006-01-29;14;-32;20;;
SPE00120566;2006-01-30;75;-50;0;;
SPE00120566;2006-01-31;134;-8;0;;
SPE00120566;2006-02-01;156;2;0;;
SPE00120566;2006-02-02;155;-6;0;;
SPE00120566;2006-02-03;128;31;0;;
SPE00120566;2006-02-04;111;-10;0;;
SPE00120566;2006-02-05;106;-25;0;;
SPE00120566;2006-02-06;134;-40;0;;
SPE00120566;2006-02-07;157;-40;0;;
SPE00120566;2006-02-08;156;-35;0;;
SPE00120566;2006-02-09;164;-21;0;;
SPE00120566;2006-02-10;144;-6;0;;
SPE00120566;2006-02-11;178;40;0;;
SPE00120566;2006-02-12;162;56;0;;
SPE00120566;2006-02-13;183;2;0;;
SPE00120566;2006-02-14;176;12;0;;
SPE00120566;2006-02-15;152;14;0;;
SPE00120566;2006-02-16;140;62;0;;
SPE00120566;2006-02-17;140;40;1;;
SPE00120566;2006-02-18;142;78;70;;
SPE00120566;2006-02-19;114;30;0;;
SPE00120566;2006-02-20;98;32;0;;
SPE00120566;2006-02-21;113;26;0;;
SPE00120566;2006-02-22;56;12;8;;
SPE00120566;2006-02-23;96;2;0;;
SPE00120566;2006-02-24;106;-14;0;;
SPE00120566;2006-02-25;101;16;75;;
SPE00120566;2006-02-26;81;18;2;;
SPE00120566;2006-02-27;122;13;0;;
SPE00120566;2006-02-28;127;-25;0;;
SPE00120566;2006-03-01;126;-27;0;;
SPE00120566;2006-03-02;140;-20;0;;
SPE00120566;2006-03-03;126;38;2;;
SPE00120566;2006-03-04;158;72;107;;
SPE00120566;2006-03-05;92;12;0;;
SPE00120566;2006-03-06;128;11;0;;
SPE00120566;2006-03-07;178;19;0;;
SPE00120566;2006-03-08;198;64;0;;
SPE00120566;2006-03-09;157;66;6;;
SPE00120566;2006-03-10;155;29;0;;
SPE00120566;2006-03-11;198;45;0;;
SPE00120566;2006-03-12;202;84;0;;
SPE00120566;2006-03-13;238;50;0;;
SPE00120566;2006-03-14;224;44;0;;
SPE00120566;2006-03-15;232;30;0;;
SPE00120566;2006-03-16;196;64;0;;
SPE00120566;2006-03-17;164;86;19;;
SPE00120566;2006-03-18;172;102;23;;
SPE00120566;2006-03-19;168;70;32;;
SPE00120566;2006-03-20;156;55;10;;
SPE00120566;2006-03-21;148;80;24;;
SPE00120566;2006-03-22;148;50;0;;
SPE00120566;2006-03-23;178;86;32;;
SPE00120566;2006-03-24;178;95;2;;
SPE00120566;2006-03-25;196;95;0;;
SPE00120566;2006-03-26;252;62;0;;
SPE00120566;2006-03-27;204;104;0;;
SPE00120566;2006-03-28;182;52;0;;
SPE00120566;2006-03-29;191;61;0;;
SPE00120566;2006-03-30;238;84;0;;
SPE00120566;2006-03-31;244;104;0;;
SPE00120566;2006-04-01;210;106;0;;
SPE00120566;2006-04-02;227;94;0;;
SPE00120566;2006-04-03;226;90;0;;
SPE00120566;2006-04-04;274;119;0;;
SPE00120566;2006-04-05;174;80;71;;
SPE00120566;2006-04-06;188;98;57;;
SPE00120566;2006-04-07;184;101;0;;
SPE00120566;2006-04-08;218;71;0;;
SPE00120566;2006-04-09;237;77;0;;
SPE00120566;2006-04-10;197;81;0;;
SPE00120566;2006-04-11;207;41;0;;
SPE00120566;2006-04-12;222;106;0;;
SPE00120566;2006-04-13;244;60;0;;
SPE00120566;2006-04-14;238;100;21;;
SPE00120566;2006-04-15;198;108;12;;
SPE00120566;2006-04-16;194;84;2;;
SPE00120566;2006-04-17;151;80;18;;
SPE00120566;2006-04-18;196;48;0;;
SPE00120566;2006-04-19;224;73;15;;
SPE00120566;2006-04-20;218;94;7;;
SPE00120566;2006-04-21;198;98;56;;
SPE00120566;2006-04-22;197;87;124;;
SPE00120566;2006-04-23;210;115;0;;
SPE00120566;2006-04-24;262;100;0;;
SPE00120566;2006-04-25;277;108;0;;
SPE00120566;2006-04-26;277;122;0;;
SPE00120566;2006-04-27;282;112;3;;
SPE00120566;2006-04-28;238;103;0;;
SPE00120566;2006-04-29;228;74;0;;
SPE00120566;2006-04-30;258;66;0;;
SPE00120566;2006-05-01;269;86;0;;
SPE00120566;2006-05-02;292;105;2;;
SPE00120566;2006-05-03;188;138;11;;
SPE00120566;2006-05-04;176;128;8;;
SPE00120566;2006-05-05;213;130;1;;
SPE00120566;2006-05-06;238;127;0;;
SPE00120566;2006-05-07;239;99;0;;
SPE00120566;2006-05-08;226;75;0;;
SPE00120566;2006-05-09;266;96;0;;
SPE00120566;2006-05-10;289;112;0;;
SPE00120566;2006-05-11;290;142;157;;
SPE00120566;2006-05-12;264;126;0;;
SPE00120566;2006-05-13;290;148;0;;
SPE00120566;2006-05-14;310;154;0;;
SPE00120566;2006-05-15;314;173;0;;
SPE00120566;2006-05-16;338;173;0;;
SPE00120566;2006-05-17;374;184;0;;
SPE00120566;2006-05-18;282;184;0;;
SPE00120566;2006-05-19;294;130;0;;
SPE00120566;2006-05-20;278;135;0;;
SPE00120566;2006-05-21;294;139;0;;
SPE00120566;2006-05-22;228;121;0;;
SPE00120566;2006-05-23;231;100;0;;
SPE00120566;2006-05-24;258;87;0;;
SPE00120566;2006-05-25;290;97;0;;
SPE00120566;2006-05-26;288;134;0;;
SPE00120566;2006-05-27;334;154;0;;
SPE00120566;2006-05-28;344;184;0;;
SPE00120566;2006-05-29;361;206;5;;
SPE00120566;2006-05-30;320;162;45;;
SPE00120566;2006-05-31;258;134;0;;
SPE00120566;2006-06-01;264;124;0;;
SPE00120566;2006-06-02;306;124;0;;
SPE00120566;2006-06-03;290;120;0;;
SPE00120566;2006-06-04;304;124;0;;
SPE00120566;2006-06-05;332;150;0;;
SPE00120566;2006-06-06;355;164;0;;
SPE00120566;2006-06-07;385;179;0;;
SPE00120566;2006-06-08;392;205;0;;
SPE00120566;2006-06-09;298;178;5;;
SPE00120566;2006-06-10;299;149;0;;
SPE00120566;2006-06-11;333;175;0;;
SPE00120566;2006-06-12;306;180;0;;
SPE00120566;2006-06-13;308;170;0;;
SPE00120566;2006-06-14;310;164;69;;
SPE00120566;2006-06-15;292;150;174;;
SPE00120566;2006-06-16;268;156;10;;
SPE00120566;2006-06-17;264;152;20;;
SPE00120566;2006-06-18;296;146;0;;
SPE00120566;2006-06-19;328;168;1;;
SPE00120566;2006-06-20;313;184;19;;
SPE00120566;2006-06-21;343;183;0;;
SPE00120566;2006-06-22;371;213;0;;
SPE00120566;2006-06-23;389;217;0;;
SPE00120566;2006-06-24;324;215;0;;
SPE00120566;2006-06-25;298;160;0;;
SPE00120566;2006-06-26;322;171;0;;
SPE00120566;2006-06-27;338;166;0;;
SPE00120566;2006-06-28;322;194;0;;
SPE00120566;2006-06-29;344;190;0;;
SPE00120566;2006-06-30;358;194;26;;
SPE00120566;2006-07-01;360;188;0;;
SPE00120566;2006-07-02;348;218;0;;
SPE00120566;2006-07-03;326;174;0;;
SPE00120566;2006-07-04;324;184;0;;
SPE00120566;2006-07-05;313;180;0;;
SPE00120566;2006-07-06;335;180;0;;
SPE00120566;2006-07-07;353;190;0;;
SPE00120566;2006-07-08;374;215;0;;
SPE00120566;2006-07-09;389;219;0;;
SPE00120566;2006-07-10;404;236;0;;
SPE00120566;2006-07-11;382;230;0;;
SPE00120566;2006-07-12;373;241;0;;
SPE00120566;2006-07-13;367;249;0;;
SPE00120566;2006-07-14;362;239;0;;
SPE00120566;2006-07-15;363;233;0;;
SPE00120566;2006-07-16;382;232;0;;
SPE00120566;2006-07-17;394;236;0;;
SPE00120566;2006-07-18;354;228;7;;
SPE00120566;2006-07-19;362;200;0;;
SPE00120566;2006-07-20;368;218;0;;
SPE00120566;2006-07-21;378;220;0;;
SPE00120566;2006-07-22;362;210;0;;
SPE00120566;2006-07-23;384;208;0;;
SPE00120566;2006-07-24;384;198;0;;
SPE00120566;2006-07-25;376;232;0;;
SPE00120566;2006-07-26;388;206;0;;
SPE00120566;2006-07-27;346;224;0;;
SPE00120566;2006-07-28;344;194;0;;
SPE00120566;2006-07-29;368;194;0;;
SPE00120566;2006-07-30;378;212;0;;
SPE00120566;2006-07-31;366;226;0;;
SPE00120566;2006-08-01;373;225;0;;
SPE00120566;2006-08-02;378;224;0;;
SPE00120566;2006-08-03;370;235;0;;
SPE00120566;2006-08-04;331;163;0;;
SPE00120566;2006-08-05;353;186;0;;
SPE00120566;2006-08-06;351;195;0;;
SPE00120566;2006-08-07;363;184;0;;
SPE00120566;2006-08-08;329;200;0;;
SPE00120566;2006-08-09;333;187;0;;
SPE00120566;2006-08-10;363;172;0;;
SPE00120566;2006-08-11;373;190;0;;
SPE00120566;2006-08-12;367;184;0;;
SPE00120566;2006-08-13;325;151;0;;
SPE00120566;2006-08-14;347;164;0;;
SPE00120566;2006-08-15;302;202;0;;
SPE00120566;2006-08-16;256;136;1;;
SPE00120566;2006-08-17;240;150;26;;
SPE00120566;2006-08-18;256;140;0;;
SPE00120566;2006-08-19;272;116;0;;
SPE00120566;2006-08-20;314;134;0;;
SPE00120566;2006-08-21;342;182;0;;
SPE00120566;2006-08-22;359;192;0;;
SPE00120566;2006-08-23;369;202;0;;
SPE00120566;2006-08-24;357;218;0;;
SPE00120566;2006-08-25;338;180;0;;
SPE00120566;2006-08-26;330;190;0;;
SPE00120566;2006-08-27;334;180;0;;
SPE00120566;2006-08-28;368;195;0;;
SPE00120566;2006-08-29;364;204;0;;
SPE00120566;2006-08-30;350;180;0;;
SPE00120566;2006-08-31;368;184;0;;
SPE00120566;2006-09-01;378;196;0;;
SPE00120566;2006-09-02;384;200;0;;
SPE00120566;2006-09-03;394;194;0;;
SPE00120566;2006-09-04;383;224;0;;
SPE00120566;2006-09-05;361;214;0;;
SPE00120566;2006-09-06;349;221;0;;
SPE00120566;2006-09-07;343;209;0;;
SPE00120566;2006-09-08;343;188;0;;
SPE00120566;2006-09-09;365;202;47;;
SPE00120566;2006-09-10;336;171;0;;
SPE00120566;2006-09-11;326;190;0;;
SPE00120566;2006-09-12;270;174;0;;
SPE00120566;2006-09-13;296;142;55;;
SPE00120566;2006-09-14;228;144;3;;
SPE00120566;2006-09-15;226;106;0;;
SPE00120566;2006-09-16;252;112;0;;
SPE00120566;2006-09-17;292;106;0;;
SPE00120566;2006-09-18;298;162;0;;
SPE00120566;2006-09-19;321;126;0;;
SPE00120566;2006-09-20;315;166;0;;
SPE00120566;2006-09-21;260;152;8;;
SPE00120566;2006-09-22;239;129;0;;
SPE00120566;2006-09-23;245;107;3;;
SPE00120566;2006-09-24;206;122;0;;
SPE00120566;2006-09-25;265;142;0;;
SPE00120566;2006-09-26;288;150;0;;
SPE00120566;2006-09-27;306;116;0;;
SPE00120566;2006-09-28;264;172;0;;
SPE00120566;2006-09-29;254;150;0;;
SPE00120566;2006-09-30;276;154;0;;
SPE00120566;2006-10-01;273;154;0;;
SPE00120566;2006-10-02;306;129;1;;
SPE00120566;2006-10-03;228;142;0;;
SPE00120566;2006-10-04;214;112;0;;
SPE00120566;2006-10-05;234;96;0;;
SPE00120566;2006-10-06;265;84;0;;
SPE00120566;2006-10-07;279;142;0;;
SPE00120566;2006-10-08;292;133;0;;
SPE00120566;2006-10-09;300;144;0;;
SPE00120566;2006-10-10;240;159;0;;
SPE00120566;2006-10-11;226;149;0;;
SPE00120566;2006-10-12;223;91;0;;
SPE00120566;2006-10-13;246;76;0;;
SPE00120566;2006-10-14;254;112;0;;
SPE00120566;2006-10-15;246;118;0;;
SPE00120566;2006-10-16;246;138;300;;
SPE00120566;2006-10-17;184;130;220;;
SPE00120566;2006-10-18;206;136;58;;
SPE00120566;2006-10-19;184;144;49;;
SPE00120566;2006-10-20;175;140;238;;
SPE00120566;2006-10-21;203;121;0;;
SPE00120566;2006-10-22;217;145;65;;
SPE00120566;2006-10-23;186;150;134;;
SPE00120566;2006-10-24;223;130;6;;
SPE00120566;2006-10-25;227;148;15;;
SPE00120566;2006-10-26;216;132;1;;
SPE00120566;2006-10-27;232;128;0;;
SPE00120566;2006-10-28;262;136;0;;
SPE00120566;2006-10-29;271;134;0;;
SPE00120566;2006-10-30;235;104;0;;
SPE00120566;2006-10-31;246;125;0;;
SPE00120566;2006-11-01;224;120;0;;
SPE00120566;2006-11-02;189;122;209;;
SPE00120566;2006-11-03;157;127;150;;
SPE00120566;2006-11-04;157;116;67;;
SPE00120566;2006-11-05;174;116;10;;
SPE00120566;2006-11-06;168;85;0;;
SPE00120566;2006-11-07;155;120;172;;
SPE00120566;2006-11-08;200;121;0;;
SPE00120566;2006-11-09;196;104;0;;
SPE00120566;2006-11-10;202;80;0;;
SPE00120566;2006-11-11;194;60;0;;
SPE00120566;2006-11-12;184;48;0;;
SPE00120566;2006-11-13;195;52;0;;
SPE00120566;2006-11-14;188;37;0;;
SPE00120566;2006-11-15;194;48;1;;
SPE00120566;2006-11-16;158;84;81;;
SPE00120566;2006-11-17;140;48;0;;
SPE00120566;2006-11-18;158;89;0;;
SPE00120566;2006-11-19;182;73;0;;
SPE00120566;2006-11-20;158;88;0;;
SPE00120566;2006-11-21;154;80;0;;
SPE00120566;2006-11-22;176;104;1;;
SPE00120566;2006-11-23;176;108;3;;
SPE00120566;2006-11-24;190;136;81;;
SPE00120566;2006-11-25;160;76;35;;
SPE00120566;2006-11-26;128;54;0;;
SPE00120566;2006-11-27;149;48;0;;
SPE00120566;2006-11-28;132;61;2;;
SPE00120566;2006-11-29;158;65;0;;
SPE00120566;2006-11-30;144;58;0;;
SPE00120566;2006-12-01;120;54;0;;
SPE00120566;2006-12-02;135;62;4;;
SPE00120566;2006-12-03;124;64;1;;
SPE00120566;2006-12-04;165;112;0;;
SPE00120566;2006-12-05;165;66;99;;
SPE00120566;2006-12-06;125;49;0;;
SPE00120566;2006-12-07;124;44;36;;
SPE00120566;2006-12-08;123;32;1;;
SPE00120566;2006-12-09;103;23;0;;
SPE00120566;2006-12-10;110;12;0;;
SPE00120566;2006-12-11;100;-11;0;;
SPE00120566;2006-12-12;109;8;0;;
SPE00120566;2006-12-13;133;10;0;;
SPE00120566;2006-12-14;117;0;0;;
SPE00120566;2006-12-15;114;2;0;;
SPE00120566;2006-12-16;124;-10;0;;
SPE00120566;2006-12-17;110;-20;0;;
SPE00120566;2006-12-18;116;9;0;;
SPE00120566;2006-12-19;97;-14;0;;
SPE00120566;2006-12-20;74;-16;0;;
SPE00120566;2006-12-21;107;-24;0;;
SPE00120566;2006-12-22;90;-30;10;;
SPE00120566;2006-12-23;98;6;0;;
SPE00120566;2006-12-24;114;-20;0;;
SPE00120566;2006-12-25;114;-24;0;;
SPE00120566;2006-12-26;112;-26;0;;
SPE00120566;2006-12-27;131;-15;0;;
SPE00120566;2006-12-28;106;-20;0;;
SPE00120566;2006-12-29;133;9;0;;
SPE00120566;2006-12-30;112;5;0;;
SPE00120566;2006-12-31;113;72;0;;
SPE00120566;2007-01-01;129;51;0;;
SPE00120566;2007-01-02;136;40;0;;
SPE00120566;2007-01-03;133;-6;0;;
SPE00120566;2007-01-04;147;-9;0;;
SPE00120566;2007-01-05;146;16;0;;
SPE00120566;2007-01-06;139;-7;0;;
SPE00120566;2007-01-07;58;4;0;;
SPE00120566;2007-01-08;94;56;0;;
SPE00120566;2007-01-09;86;43;0;;
SPE00120566;2007-01-10;70;24;0;;
SPE00120566;2007-01-11;106;22;0;;
SPE00120566;2007-01-12;168;-16;0;;
SPE00120566;2007-01-13;156;-4;0;;
SPE00120566;2007-01-14;146;22;0;;
SPE00120566;2007-01-15;114;20;0;;
SPE00120566;2007-01-16;114;64;0;;
SPE00120566;2007-01-17;85;65;0;;
SPE00120566;2007-01-18;131;44;0;;
SPE00120566;2007-01-19;88;25;0;;
SPE00120566;2007-01-20;145;8;0;;
SPE00120566;2007-01-21;106;15;0;;
SPE00120566;2007-01-22;94;25;5;;
SPE00120566;2007-01-23;95;6;1;;
SPE00120566;2007-01-24;86;-30;0;;
SPE00120566;2007-01-25;52;1;9;;
SPE00120566;2007-01-26;52;-18;3;;
SPE00120566;2007-01-27;100;-25;0;;
SPE00120566;2007-01-28;79;-45;0;;
SPE00120566;2007-01-29;84;48;65;;
SPE00120566;2007-01-30;110;26;0;;
SPE00120566;2007-01-31;128;24;0;;
SPE00120566;2007-02-01;128;-1;0;;
SPE00120566;2007-02-02;118;0;11;;
SPE00120566;2007-02-03;116;66;0;;
SPE00120566;2007-02-04;152;52;9;;
SPE00120566;2007-02-05;115;63;0;;
SPE00120566;2007-02-06;116;50;0;;
SPE00120566;2007-02-07;123;44;0;;
SPE00120566;2007-02-08;105;67;179;;
SPE00120566;2007-02-09;130;63;0;;
SPE00120566;2007-02-10;168;85;0;;
SPE00120566;2007-02-11;165;104;4;;
SPE00120566;2007-02-12;170;83;20;;
SPE00120566;2007-02-13;176;51;0;;
SPE00120566;2007-02-14;169;79;16;;
SPE00120566;2007-02-15;160;17;0;;
SPE00120566;2007-02-16;238;56;29;;
SPE00120566;2007-02-17;126;58;0;;
SPE00120566;2007-02-18;146;54;0;;
SPE00120566;2007-02-19;144;22;3;;
SPE00120566;2007-02-20;100;60;1;;
SPE00120566;2007-02-21;145;36;6;;
SPE00120566;2007-02-22;151;52;1;;
SPE00120566;2007-02-23;141;83;0;;
SPE00120566;2007-02-24;150;76;0;;
SPE00120566;2007-02-25;167;65;0;;
SPE00120566;2007-02-26;161;38;0;;
SPE00120566;2007-02-27;190;29;0;;
SPE00120566;2007-02-28;192;77;0;;
SPE00120566;2007-03-01;168;85;0;;
SPE00120566;2007-03-02;159;60;0;;
SPE00120566;2007-03-03;192;90;0;;
SPE00120566;2007-03-04;224;46;0;;
SPE00120566;2007-03-05;159;49;0;;
SPE00120566;2007-03-06;121;66;13;;
SPE00120566;2007-03-07;178;84;0;;
SPE00120566;2007-03-08;155;46;0;;
SPE00120566;2007-03-09;202;4;0;;
SPE00120566;2007-03-10;210;36;0;;
SPE00120566;2007-03-11;182;6;0;;
SPE00120566;2007-03-12;175;18;0;;
SPE00120566;2007-03-13;187;26;0;;
SPE00120566;2007-03-14;195;44;0;;
SPE00120566;2007-03-15;200;40;0;;
SPE00120566;2007-03-16;199;40;0;;
SPE00120566;2007-03-17;189;54;0;;
SPE00120566;2007-03-18;209;40;0;;
SPE00120566;2007-03-19;155;43;0;;
SPE00120566;2007-03-20;115;2;0;;
SPE00120566;2007-03-21;108;1;0;;
SPE00120566;2007-03-22;129;-23;0;;
SPE00120566;2007-03-23;163;33;0;;
SPE00120566;2007-03-24;191;32;0;;
SPE00120566;2007-03-25;185;18;0;;
SPE00120566;2007-03-26;175;35;87;;
SPE00120566;2007-03-27;140;69;55;;
SPE00120566;2007-03-28;143;52;0;;
SPE00120566;2007-03-29;160;48;0;;
SPE00120566;2007-03-30;176;44;3;;
SPE00120566;2007-03-31;164;70;147;;
SPE00120566;2007-04-01;136;46;116;;
SPE00120566;2007-04-02;140;34;4;;
SPE00120566;2007-04-03;156;22;0;;
SPE00120566;2007-04-04;130;54;26;;
SPE00120566;2007-04-05;123;4;2;;
SPE00120566;2007-04-06;116;50;244;;
SPE00120566;2007-04-07;134;47;2;;
SPE00120566;2007-04-08;171;35;0;;
SPE00120566;2007-04-09;173;80;3;;
SPE00120566;2007-04-10;187;82;0;;
SPE00120566;2007-04-11;175;83;1;;
SPE00120566;2007-04-12;187;96;1;;
SPE00120566;2007-04-13;198;94;44;;
SPE00120566;2007-04-14;200;70;0;;
SPE00120566;2007-04-15;223;80;9;;
SPE00120566;2007-04-16;233;84;1;;
SPE00120566;2007-04-17;235;80;0;;
SPE00120566;2007-04-18;238;76;0;;
SPE00120566;2007-04-19;236;100;0;;
SPE00120566;2007-04-20;237;126;0;;
SPE00120566;2007-04-21;234;99;0;;
SPE00120566;2007-04-22;244;89;0;;
SPE00120566;2007-04-23;261;99;0;;
SPE00120566;2007-04-24;276;114;2;;
SPE00120566;2007-04-25;180;120;263;;
SPE00120566;2007-04-26;156;90;78;;
SPE00120566;2007-04-27;182;76;78;;
SPE00120566;2007-04-28;174;86;27;;
SPE00120566;2007-04-29;208;68;0;;
SPE00120566;2007-04-30;174;82;19;;
SPE00120566;2007-05-01;167;55;0;;
SPE00120566;2007-05-02;157;83;203;;
SPE00120566;2007-05-03;182;85;3;;
SPE00120566;2007-05-04;211;89;0;;
SPE00120566;2007-05-05;200;74;0;;
SPE00120566;2007-05-06;223;63;0;;
SPE00120566;2007-05-07;262;77;0;;
SPE00120566;2007-05-08;278;102;0;;
SPE00120566;2007-05-09;290;116;0;;
SPE00120566;2007-05-10;286;124;0;;
SPE00120566;2007-05-11;265;129;0;;
SPE00120566;2007-05-12;255;116;0;;
SPE00120566;2007-05-13;229;123;0;;
SPE00120566;2007-05-14;200;82;0;;
SPE00120566;2007-05-15;233;70;0;;
SPE00120566;2007-05-16;271;100;0;;
SPE00120566;2007-05-17;286;116;0;;
SPE00120566;2007-05-18;316;142;0;;
SPE00120566;2007-05-19;310;166;69;;
SPE00120566;2007-05-20;268;134;91;;
SPE00120566;2007-05-21;240;132;21;;
SPE00120566;2007-05-22;240;143;340;;
SPE00120566;2007-05-23;243;124;49;;
SPE00120566;2007-05-24;193;123;14;;
SPE00120566;2007-05-25;178;101;45;;
SPE00120566;2007-05-26;215;103;25;;
SPE00120566;2007-05-27;225;123;0;;
SPE00120566;2007-05-28;214;88;0;;
SPE00120566;2007-05-29;251;98;0;;
SPE00120566;2007-05-30;254;132;0;;
SPE00120566;2007-05-31;216;112;0;;
SPE00120566;2007-06-01;249;100;0;;
SPE00120566;2007-06-02;270;113;0;;
SPE00120566;2007-06-03;284;129;0;;
SPE00120566;2007-06-04;294;130;0;;
SPE00120566;2007-06-05;277;124;0;;
SPE00120566;2007-06-06;286;130;0;;
SPE00120566;2007-06-07;319;153;0;;
SPE00120566;2007-06-08;304;175;0;;
SPE00120566;2007-06-09;296;170;53;;
SPE00120566;2007-06-10;262;156;0;;
SPE00120566;2007-06-11;290;134;0;;
SPE00120566;2007-06-12;308;144;0;;
SPE00120566;2007-06-13;278;162;0;;
SPE00120566;2007-06-14;234;145;136;;
SPE00120566;2007-06-15;224;140;109;;
SPE00120566;2007-06-16;225;157;51;;
SPE00120566;2007-06-17;229;150;10;;
SPE00120566;2007-06-18;277;152;0;;
SPE00120566;2007-06-19;259;148;0;;
SPE00120566;2007-06-20;243;135;0;;
SPE00120566;2007-06-21;255;120;0;;
SPE00120566;2007-06-22;280;122;0;;
SPE00120566;2007-06-23;328;124;0;;
SPE00120566;2007-06-24;330;192;0;;
SPE00120566;2007-06-25;282;160;0;;
SPE00120566;2007-06-26;291;145;0;;
SPE00120566;2007-06-27;304;146;0;;
SPE00120566;2007-06-28;324;154;0;;
SPE00120566;2007-06-29;334;176;0;;
SPE00120566;2007-06-30;349;165;0;;
SPE00120566;2007-07-01;289;181;0;;
SPE00120566;2007-07-02;310;148;0;;
SPE00120566;2007-07-03;332;170;0;;
SPE00120566;2007-07-04;321;195;0;;
SPE00120566;2007-07-05;325;159;0;;
SPE00120566;2007-07-06;358;180;0;;
SPE00120566;2007-07-07;370;203;6;;
SPE00120566;2007-07-08;355;200;0;;
SPE00120566;2007-07-09;303;172;0;;
SPE00120566;2007-07-10;314;143;0;;
SPE00120566;2007-07-11;335;157;0;;
SPE00120566;2007-07-12;353;180;0;;
SPE00120566;2007-07-13;365;201;0;;
SPE00120566;2007-07-14;376;205;0;;
SPE00120566;2007-07-15;354;188;0;;
SPE00120566;2007-07-16;305;181;0;;
SPE00120566;2007-07-17;329;175;0;;
SPE00120566;2007-07-18;334;181;0;;
SPE00120566;2007-07-19;307;174;0;;
SPE00120566;2007-07-20;296;152;0;;
SPE00120566;2007-07-21;300;158;0;;
SPE00120566;2007-07-22;319;153;0;;
SPE00120566;2007-07-23;286;166;0;;
SPE00120566;2007-07-24;330;152;0;;
SPE00120566;2007-07-25;354;160;0;;
SPE00120566;2007-07-26;376;182;0;;
SPE00120566;2007-07-27;380;200;0;;
SPE00120566;2007-07-28;390;220;0;;
SPE00120566;2007-07-29;392;218;0;;
SPE00120566;2007-07-30;380;210;0;;
SPE00120566;2007-07-31;396;198;0;;
SPE00120566;2007-08-01;360;226;0;;
SPE00120566;2007-08-02;368;184;0;;
SPE00120566;2007-08-03;389;189;0;;
SPE00120566;2007-08-04;413;217;0;;
SPE00120566;2007-08-05;379;197;64;;
SPE00120566;2007-08-06;318;193;0;;
SPE00120566;2007-08-07;329;173;0;;
SPE00120566;2007-08-08;319;164;0;;
SPE00120566;2007-08-09;337;156;0;;
SPE00120566;2007-08-10;333;163;0;;
SPE00120566;2007-08-11;349;197;0;;
SPE00120566;2007-08-12;318;199;0;;
SPE00120566;2007-08-13;335;171;0;;
SPE00120566;2007-08-14;340;190;0;;
SPE00120566;2007-08-15;327;202;0;;
SPE00120566;2007-08-16;306;169;0;;
SPE00120566;2007-08-17;331;164;0;;
SPE00120566;2007-08-18;349;200;0;;
SPE00120566;2007-08-19;325;187;0;;
SPE00120566;2007-08-20;305;152;0;;
SPE00120566;2007-08-21;281;169;0;;
SPE00120566;2007-08-22;268;106;0;;
SPE00120566;2007-08-23;282;130;0;;
SPE00120566;2007-08-24;288;148;148;;
SPE00120566;2007-08-25;292;160;11;;
SPE00120566;2007-08-26;358;186;0;;
SPE00120566;2007-08-27;386;210;0;;
SPE00120566;2007-08-28;364;215;0;;
SPE00120566;2007-08-29;296;184;0;;
SPE00120566;2007-08-30;290;168;0;;
SPE00120566;2007-08-31;284;126;0;;
SPE00120566;2007-09-01;326;139;0;;
SPE00120566;2007-09-02;341;182;0;;
SPE00120566;2007-09-03;347;177;0;;
SPE00120566;2007-09-04;328;173;0;;
SPE00120566;2007-09-05;328;152;0;;
SPE00120566;2007-09-06;330;178;0;;
SPE00120566;2007-09-07;339;152;0;;
SPE00120566;2007-09-08;329;143;0;;
SPE00120566;2007-09-09;301;174;9;;
SPE00120566;2007-09-10;317;170;0;;
SPE00120566;2007-09-11;320;179;0;;
SPE00120566;2007-09-12;296;200;5;;
SPE00120566;2007-09-13;282;169;3;;
SPE00120566;2007-09-14;260;169;0;;
SPE00120566;2007-09-15;291;153;0;;
SPE00120566;2007-09-16;311;177;0;;
SPE00120566;2007-09-17;290;174;0;;
SPE00120566;2007-09-18;284;155;0;;
SPE00120566;2007-09-19;305;164;0;;
SPE00120566;2007-09-20;315;163;0;;
SPE00120566;2007-09-21;264;162;6;;
SPE00120566;2007-09-22;288;138;0;;
SPE00120566;2007-09-23;284;174;0;;
SPE00120566;2007-09-24;316;160;0;;
SPE00120566;2007-09-25;298;164;0;;
SPE00120566;2007-09-26;236;116;0;;
SPE00120566;2007-09-27;226;90;0;;
SPE00120566;2007-09-28;260;54;0;;
SPE00120566;2007-09-29;212;132;9;;
SPE00120566;2007-09-30;248;132;0;;
SPE00120566;2007-10-01;222;141;88;;
SPE00120566;2007-10-02;254;134;95;;
SPE00120566;2007-10-03;198;132;255;;
SPE00120566;2007-10-04;218;114;0;;
SPE00120566;2007-10-05;246;122;0;;
SPE00120566;2007-10-06;254;125;0;;
SPE00120566;2007-10-07;253;125;0;;
SPE00120566;2007-10-08;263;124;0;;
SPE00120566;2007-10-09;240;114;0;;
SPE00120566;2007-10-10;253;90;0;;
SPE00120566;2007-10-11;215;105;0;;
SPE00120566;2007-10-12;226;101;0;;
SPE00120566;2007-10-13;239;90;0;;
SPE00120566;2007-10-14;244;89;0;;
SPE00120566;2007-10-15;224;120;0;;
SPE00120566;2007-10-16;229;124;0;;
SPE00120566;2007-10-17;244;103;0;;
SPE00120566;2007-10-18;243;90;0;;
SPE00120566;2007-10-19;239;102;0;;
SPE00120566;2007-10-20;254;74;0;;
SPE00120566;2007-10-21;232;66;0;;
SPE00120566;2007-10-22;242;46;0;;
SPE00120566;2007-10-23;225;123;0;;
SPE00120566;2007-10-24;157;101;117;;
SPE00120566;2007-10-25;184;62;0;;
SPE00120566;2007-10-26;173;43;0;;
SPE00120566;2007-10-27;174;37;0;;
SPE00120566;2007-10-28;204;57;0;;
SPE00120566;2007-10-29;219;58;0;;
SPE00120566;2007-10-30;185;67;0;;
SPE00120566;2007-10-31;177;34;0;;
SPE00120566;2007-11-01;189;18;0;;
SPE00120566;2007-11-02;207;31;0;;
SPE00120566;2007-11-03;201;50;0;;
SPE00120566;2007-11-04;230;39;0;;
SPE00120566;2007-11-05;236;31;0;;
SPE00120566;2007-11-06;200;28;0;;
SPE00120566;2007-11-07;205;30;0;;
SPE00120566;2007-11-08;215;24;0;;
SPE00120566;2007-11-09;188;35;0;;
SPE00120566;2007-11-10;188;38;0;;
SPE00120566;2007-11-11;192;-4;0;;
SPE00120566;2007-11-12;215;16;0;;
SPE00120566;2007-11-13;196;25;0;;
SPE00120566;2007-11-14;177;-6;0;;
SPE00120566;2007-11-15;173;13;0;;
SPE00120566;2007-11-16;139;-26;0;;
SPE00120566;2007-11-17;153;-56;0;;
SPE00120566;2007-11-18;151;-51;0;;
SPE00120566;2007-11-19;116;-16;82;;
SPE00120566;2007-11-20;165;59;85;;
SPE00120566;2007-11-21;144;50;0;;
SPE00120566;2007-11-22;119;26;4;;
SPE00120566;2007-11-23;136;25;0;;
SPE00120566;2007-11-24;121;2;0;;
SPE00120566;2007-11-25;131;-5;0;;
SPE00120566;2007-11-26;161;0;0;;
SPE00120566;2007-11-27;155;15;0;;
SPE00120566;2007-11-28;141;0;0;;
SPE00120566;2007-11-29;134;-20;0;;
SPE00120566;2007-11-30;145;-13;0;;
SPE00120566;2007-12-01;135;-14;0;;
SPE00120566;2007-12-02;142;15;0;;
SPE00120566;2007-12-03;152;37;0;;
SPE00120566;2007-12-04;174;29;0;;
SPE00120566;2007-12-05;165;-1;0;;
SPE00120566;2007-12-06;160;20;0;;
SPE00120566;2007-12-07;113;6;0;;
SPE00120566;2007-12-08;129;-11;0;;
SPE00120566;2007-12-09;169;45;0;;
SPE00120566;2007-12-10;140;18;0;;
SPE00120566;2007-12-11;130;-15;0;;
SPE00120566;2007-12-12;134;-33;0;;
SPE00120566;2007-12-13;118;-32;0;;
SPE00120566;2007-12-14;94;-45;0;;
SPE00120566;2007-12-15;100;-63;0;;
SPE00120566;2007-12-16;90;-41;0;;
SPE00120566;2007-12-17;80;-43;2;;
SPE00120566;2007-12-18;80;24;18;;
SPE00120566;2007-12-19;104;53;0;;
SPE00120566;2007-12-20;100;65;4;;
SPE00120566;2007-12-21;135;64;0;;
SPE00120566;2007-12-22;96;35;5;;
SPE00120566;2007-12-23;142;58;0;;
SPE00120566;2007-12-24;135;12;0;;
SPE00120566;2007-12-25;126;-12;1;;
SPE00120566;2007-12-26;143;46;2;;
SPE00120566;2007-12-27;120;20;0;;
SPE00120566;2007-12-28;129;-18;0;;
SPE00120566;2007-12-29;91;-26;0;;
SPE00120566;2007-12-30;134;-19;0;;
SPE00120566;2007-12-31;123;-26;0;;
SPE00120566;2008-01-01;89;-43;1;;
SPE00120566;2008-01-02;99;44;66;;
SPE00120566;2008-01-03;109;46;15;;
SPE00120566;2008-01-04;106;27;0;;
SPE00120566;2008-01-05;124;47;4;;
SPE00120566;2008-01-06;138;90;2;;
SPE00120566;2008-01-07;149;62;0;;
SPE00120566;2008-01-08;100;42;0;;
SPE00120566;2008-01-09;121;64;2;;
SPE00120566;2008-01-10;140;79;0;;
SPE00120566;2008-01-11;136;22;16;;
SPE00120566;2008-01-12;118;2;0;;
SPE00120566;2008-01-13;127;-20;31;;
SPE00120566;2008-01-14;120;49;0;;
SPE00120566;2008-01-15;119;46;0;;
SPE00120566;2008-01-16;144;65;0;;
SPE00120566;2008-01-17;129;33;0;;
SPE00120566;2008-01-18;148;53;0;;
SPE00120566;2008-01-19;161;22;0;;
SPE00120566;2008-01-20;179;17;0;;
SPE00120566;2008-01-21;182;12;0;;
SPE00120566;2008-01-22;190;2;0;;
SPE00120566;2008-01-23;173;14;0;;
SPE00120566;2008-01-24;150;12;0;;
SPE00120566;2008-01-25;134;29;0;;
SPE00120566;2008-01-26;138;11;0;;
SPE00120566;2008-01-27;150;-10;0;;
SPE00120566;2008-01-28;180;-6;0;;
SPE00120566;2008-01-29;171;-14;0;;
SPE00120566;2008-01-30;169;-13;0;;
SPE00120566;2008-01-31;149;7;0;;
SPE00120566;2008-02-01;120;-16;8;;
SPE00120566;2008-02-02;112;30;2;;
SPE00120566;2008-02-03;130;40;17;;
SPE00120566;2008-02-04;132;52;0;;
SPE00120566;2008-02-05;139;20;0;;
SPE00120566;2008-02-06;160;6;0;;
SPE00120566;2008-02-07;187;11;0;;
SPE00120566;2008-02-08;185;24;0;;
SPE00120566;2008-02-09;168;25;0;;
SPE00120566;2008-02-10;159;32;0;;
SPE00120566;2008-02-11;158;28;0;;
SPE00120566;2008-02-12;140;19;0;;
SPE00120566;2008-02-13;128;12;0;;
SPE00120566;2008-02-14;114;72;0;;
SPE00120566;2008-02-15;142;68;0;;
SPE00120566;2008-02-16;172;20;0;;
SPE00120566;2008-02-17;125;49;37;;
SPE00120566;2008-02-18;120;64;35;;
SPE00120566;2008-02-19;140;88;2;;
SPE00120566;2008-02-20;155;74;0;;
SPE00120566;2008-02-21;180;70;0;;
SPE00120566;2008-02-22;184;45;0;;
SPE00120566;2008-02-23;172;64;47;;
SPE00120566;2008-02-24;120;74;23;;
SPE00120566;2008-02-25;145;65;0;;
SPE00120566;2008-02-26;183;34;0;;
SPE00120566;2008-02-27;212;48;1;;
SPE00120566;2008-02-28;195;92;0;;
SPE00120566;2008-02-29;197;67;0;;
SPE00120566;2008-03-01;212;55;0;;
SPE00120566;2008-03-02;233;58;0;;
SPE00120566;2008-03-03;229;56;0;;
SPE00120566;2008-03-04;141;26;0;;
SPE00120566;2008-03-05;126;-16;0;;
SPE00120566;2008-03-06;156;-30;0;;
SPE00120566;2008-03-07;190;20;0;;
SPE00120566;2008-03-08;199;15;0;;
SPE00120566;2008-03-09;170;35;0;;
SPE00120566;2008-03-10;134;41;2;;
SPE00120566;2008-03-11;221;78;0;;
SPE00120566;2008-03-12;211;82;0;;
SPE00120566;2008-03-13;242;60;0;;
SPE00120566;2008-03-14;264;60;0;;
SPE00120566;2008-03-15;196;98;0;;
SPE00120566;2008-03-16;195;60;0;;
SPE00120566;2008-03-17;206;60;4;;
SPE00120566;2008-03-18;165;54;0;;
SPE00120566;2008-03-19;172;37;0;;
SPE00120566;2008-03-20;147;40;0;;
SPE00120566;2008-03-21;189;-1;0;;
SPE00120566;2008-03-22;170;34;32;;
SPE00120566;2008-03-23;109;15;0;;
SPE00120566;2008-03-24;174;20;0;;
SPE00120566;2008-03-25;199;39;0;;
SPE00120566;2008-03-26;141;46;0;;
SPE00120566;2008-03-27;173;65;0;;
SPE00120566;2008-03-28;220;60;0;;
SPE00120566;2008-03-29;241;70;0;;
SPE00120566;2008-03-30;178;52;11;;
SPE00120566;2008-03-31;179;28;0;;
SPE00120566;2008-04-01;216;64;0;;
SPE00120566;2008-04-02;244;69;0;;
SPE00120566;2008-04-03;270;71;0;;
SPE00120566;2008-04-04;263;58;0;;
SPE00120566;2008-04-05;266;65;0;;
SPE00120566;2008-04-06;270;82;0;;
SPE00120566;2008-04-07;207;98;94;;
SPE00120566;2008-04-08;157;85;135;;
SPE00120566;2008-04-09;202;123;2;;
SPE00120566;2008-04-10;180;93;58;;
SPE00120566;2008-04-11;132;53;78;;
SPE00120566;2008-04-12;175;42;0;;
SPE00120566;2008-04-13;168;49;0;;
SPE00120566;2008-04-14;183;61;0;;
SPE00120566;2008-04-15;206;40;0;;
SPE00120566;2008-04-16;235;86;35;;
SPE00120566;2008-04-17;155;94;164;;
SPE00120566;2008-04-18;154;79;12;;
SPE00120566;2008-04-19;156;84;54;;
SPE00120566;2008-04-20;149;69;27;;
SPE00120566;2008-04-21;169;74;0;;
SPE00120566;2008-04-22;203;62;0;;
SPE00120566;2008-04-23;239;100;0;;
SPE00120566;2008-04-24;259;115;0;;
SPE00120566;2008-04-25;282;112;0;;
SPE00120566;2008-04-26;286;118;0;;
SPE00120566;2008-04-27;288;120;0;;
SPE00120566;2008-04-28;213;111;0;;
SPE00120566;2008-04-29;207;77;0;;
SPE00120566;2008-04-30;201;84;0;;
SPE00120566;2008-05-01;236;66;0;;
SPE00120566;2008-05-02;282;79;0;;
SPE00120566;2008-05-03;295;125;0;;
SPE00120566;2008-05-04;278;143;0;;
SPE00120566;2008-05-05;290;129;0;;
SPE00120566;2008-05-06;289;144;0;;
SPE00120566;2008-05-07;266;140;52;;
SPE00120566;2008-05-08;200;124;7;;
SPE00120566;2008-05-09;214;123;0;;
SPE00120566;2008-05-10;123;88;101;;
SPE00120566;2008-05-11;201;104;0;;
SPE00120566;2008-05-12;241;74;0;;
SPE00120566;2008-05-13;216;127;20;;
SPE00120566;2008-05-14;193;125;1;;
SPE00120566;2008-05-15;218;105;21;;
SPE00120566;2008-05-16;210;116;0;;
SPE00120566;2008-05-17;220;124;25;;
SPE00120566;2008-05-18;206;104;33;;
SPE00120566;2008-05-19;205;94;21;;
SPE00120566;2008-05-20;243;100;0;;
SPE00120566;2008-05-21;235;117;3;;
SPE00120566;2008-05-22;258;129;0;;
SPE00120566;2008-05-23;199;115;171;;
SPE00120566;2008-05-24;186;107;0;;
SPE00120566;2008-05-25;168;101;13;;
SPE00120566;2008-05-26;200;77;0;;
SPE00120566;2008-05-27;202;101;3;;
SPE00120566;2008-05-28;191;116;1;;
SPE00120566;2008-05-29;215;116;0;;
SPE00120566;2008-05-30;214;120;43;;
SPE00120566;2008-05-31;189;109;13;;
SPE00120566;2008-06-01;220;119;1;;
SPE00120566;2008-06-02;236;131;0;;
SPE00120566;2008-06-03;256;118;0;;
SPE00120566;2008-06-04;280;131;0;;
SPE00120566;2008-06-05;269;143;0;;
SPE00120566;2008-06-06;268;106;0;;
SPE00120566;2008-06-07;270;110;0;;
SPE00120566;2008-06-08;192;108;76;;
SPE00120566;2008-06-09;184;108;2;;
SPE00120566;2008-06-10;229;108;0;;
SPE00120566;2008-06-11;258;115;5;;
SPE00120566;2008-06-12;272;122;0;;
SPE00120566;2008-06-13;308;127;0;;
SPE00120566;2008-06-14;315;153;0;;
SPE00120566;2008-06-15;296;178;0;;
SPE00120566;2008-06-16;250;144;53;;
SPE00120566;2008-06-17;266;122;0;;
SPE00120566;2008-06-18;320;128;0;;
SPE00120566;2008-06-19;338;166;0;;
SPE00120566;2008-06-20;360;183;0;;
SPE00120566;2008-06-21;365;200;0;;
SPE00120566;2008-06-22;378;194;0;;
SPE00120566;2008-06-23;334;172;108;;
SPE00120566;2008-06-24;315;160;0;;
SPE00120566;2008-06-25;357;189;0;;
SPE00120566;2008-06-26;370;214;0;;
SPE00120566;2008-06-27;379;216;0;;
SPE00120566;2008-06-28;375;214;0;;
SPE00120566;2008-06-29;375;220;0;;
SPE00120566;2008-06-30;373;207;0;;
SPE00120566;2008-07-01;359;203;0;;
SPE00120566;2008-07-02;299;179;0;;
SPE00120566;2008-07-03;289;149;0;;
SPE00120566;2008-07-04;342;157;0;;
SPE00120566;2008-07-05;348;200;0;;
SPE00120566;2008-07-06;300;178;0;;
SPE00120566;2008-07-07;297;144;0;;
SPE00120566;2008-07-08;344;148;0;;
SPE00120566;2008-07-09;354;174;0;;
SPE00120566;2008-07-10;355;200;0;;
SPE00120566;2008-07-11;328;185;0;;
SPE00120566;2008-07-12;286;172;0;;
SPE00120566;2008-07-13;298;130;0;;
SPE00120566;2008-07-14;324;154;0;;
SPE00120566;2008-07-15;324;192;12;;
SPE00120566;2008-07-16;302;190;0;;
SPE00120566;2008-07-17;336;179;0;;
SPE00120566;2008-07-18;370;195;0;;
SPE00120566;2008-07-19;400;216;0;;
SPE00120566;2008-07-20;364;240;0;;
SPE00120566;2008-07-21;373;213;0;;
SPE00120566;2008-07-22;376;195;0;;
SPE00120566;2008-07-23;403;213;0;;
SPE00120566;2008-07-24;334;210;0;;
SPE00120566;2008-07-25;323;185;0;;
SPE00120566;2008-07-26;334;183;0;;
SPE00120566;2008-07-27;354;195;0;;
SPE00120566;2008-07-28;325;197;0;;
SPE00120566;2008-07-29;360;180;0;;
SPE00120566;2008-07-30;355;174;0;;
SPE00120566;2008-07-31;346;190;0;;
SPE00120566;2008-08-01;336;192;0;;
SPE00120566;2008-08-02;365;190;0;;
SPE00120566;2008-08-03;392;234;0;;
SPE00120566;2008-08-04;406;228;0;;
SPE00120566;2008-08-05;392;234;0;;
SPE00120566;2008-08-06;382;214;0;;
SPE00120566;2008-08-07;336;219;0;;
SPE00120566;2008-08-08;346;181;0;;
SPE00120566;2008-08-09;360;183;0;;
SPE00120566;2008-08-10;369;200;0;;
SPE00120566;2008-08-11;339;210;0;;
SPE00120566;2008-08-12;304;188;0;;
SPE00120566;2008-08-13;333;162;0;;
SPE00120566;2008-08-14;303;159;0;;
SPE00120566;2008-08-15;297;139;0;;
SPE00120566;2008-08-16;300;148;0;;
SPE00120566;2008-08-17;314;183;0;;
SPE00120566;2008-08-18;349;167;0;;
SPE00120566;2008-08-19;325;190;0;;
SPE00120566;2008-08-20;338;164;0;;
SPE00120566;2008-08-21;358;174;0;;
SPE00120566;2008-08-22;344;214;0;;
SPE00120566;2008-08-23;332;200;0;;
SPE00120566;2008-08-24;340;188;0;;
SPE00120566;2008-08-25;357;194;0;;
SPE00120566;2008-08-26;360;205;0;;
SPE00120566;2008-08-27;346;215;0;;
SPE00120566;2008-08-28;350;206;0;;
SPE00120566;2008-08-29;352;197;0;;
SPE00120566;2008-08-30;299;196;0;;
SPE00120566;2008-08-31;304;172;0;;
SPE00120566;2008-09-01;333;180;0;;
SPE00120566;2008-09-02;327;185;0;;
SPE00120566;2008-09-03;299;172;0;;
SPE00120566;2008-09-04;283;174;0;;
SPE00120566;2008-09-05;249;182;2;;
SPE00120566;2008-09-06;249;163;13;;
SPE00120566;2008-09-07;286;131;0;;
SPE00120566;2008-09-08;325;190;0;;
SPE00120566;2008-09-09;290;200;1;;
SPE00120566;2008-09-10;276;178;0;;
SPE00120566;2008-09-11;300;164;0;;
SPE00120566;2008-09-12;240;120;0;;
SPE00120566;2008-09-13;254;100;0;;
SPE00120566;2008-09-14;274;100;0;;
SPE00120566;2008-09-15;312;114;0;;
SPE00120566;2008-09-16;326;127;0;;
SPE00120566;2008-09-17;312;154;2;;
SPE00120566;2008-09-18;294;180;0;;
SPE00120566;2008-09-19;295;165;0;;
SPE00120566;2008-09-20;315;140;8;;
SPE00120566;2008-09-21;275;175;37;;
SPE00120566;2008-09-22;253;160;0;;
SPE00120566;2008-09-23;270;140;0;;
SPE00120566;2008-09-24;259;148;0;;
SPE00120566;2008-09-25;244;141;0;;
SPE00120566;2008-09-26;242;115;0;;
SPE00120566;2008-09-27;235;132;0;;
SPE00120566;2008-09-28;173;134;20;;
SPE00120566;2008-09-29;244;115;0;;
SPE00120566;2008-09-30;262;96;0;;
SPE00120566;2008-10-01;269;102;0;;
SPE00120566;2008-10-02;270;144;0;;
SPE00120566;2008-10-03;203;103;0;;
SPE00120566;2008-10-04;200;50;0;;
SPE00120566;2008-10-05;249;59;0;;
SPE00120566;2008-10-06;263;70;0;;
SPE00120566;2008-10-07;207;86;16;;
SPE00120566;2008-10-08;210;104;0;;
SPE00120566;2008-10-09;210;82;0;;
SPE00120566;2008-10-10;245;140;0;;
SPE00120566;2008-10-11;232;140;896;;
SPE00120566;2008-10-12;236;145;11;;
SPE00120566;2008-10-13;213;146;1;;
SPE00120566;2008-10-14;231;143;0;;
SPE00120566;2008-10-15;250;125;0;;
SPE00120566;2008-10-16;253;128;0;;
SPE00120566;2008-10-17;249;150;0;;
SPE00120566;2008-10-18;180;150;17;;
SPE00120566;2008-10-19;225;135;0;;
SPE00120566;2008-10-20;245;163;0;;
SPE00120566;2008-10-21;211;144;87;;
SPE00120566;2008-10-22;152;94;67;;
SPE00120566;2008-10-23;159;80;0;;
SPE00120566;2008-10-24;181;70;0;;
SPE00120566;2008-10-25;212;83;0;;
SPE00120566;2008-10-26;219;90;0;;
SPE00120566;2008-10-27;230;89;77;;
SPE00120566;2008-10-28;156;60;190;;
SPE00120566;2008-10-29;125;45;3;;
SPE00120566;2008-10-30;131;40;20;;
SPE00120566;2008-10-31;123;72;125;;
SPE00120566;2008-11-01;131;56;1;;
SPE00120566;2008-11-02;142;76;6;;
SPE00120566;2008-11-03;141;40;0;;
SPE00120566;2008-11-04;108;54;0;;
SPE00120566;2008-11-05;142;60;2;;
SPE00120566;2008-11-06;155;42;0;;
SPE00120566;2008-11-07;134;54;7;;
SPE00120566;2008-11-08;154;76;0;;
SPE00120566;2008-11-09;157;31;0;;
SPE00120566;2008-11-10;180;38;0;;
SPE00120566;2008-11-11;151;55;1;;
SPE00120566;2008-11-12;140;78;0;;
SPE00120566;2008-11-13;150;46;0;;
SPE00120566;2008-11-14;152;26;0;;
SPE00120566;2008-11-15;154;22;0;;
SPE00120566;2008-11-16;154;15;0;;
SPE00120566;2008-11-17;184;25;0;;
SPE00120566;2008-11-18;121;14;0;;
SPE00120566;2008-11-19;159;33;0;;
SPE00120566;2008-11-20;142;20;0;;
SPE00120566;2008-11-21;163;11;0;;
SPE00120566;2008-11-22;186;50;0;;
SPE00120566;2008-11-23;174;38;0;;
SPE00120566;2008-11-24;150;38;2;;
SPE00120566;2008-11-25;113;2;0;;
SPE00120566;2008-11-26;94;-15;0;;
SPE00120566;2008-11-27;100;-25;0;;
SPE00120566;2008-11-28;82;-31;21;;
SPE00120566;2008-11-29;87;38;8;;
SPE00120566;2008-11-30;90;20;4;;
SPE00120566;2008-12-01;73;21;0;;
SPE00120566;2008-12-02;90;11;0;;
SPE00120566;2008-12-03;79;6;0;;
SPE00120566;2008-12-04;113;40;0;;
SPE00120566;2008-12-05;159;93;0;;
SPE00120566;2008-12-06;123;59;0;;
SPE00120566;2008-12-07;139;94;166;;
SPE00120566;2008-12-08;111;84;43;;
SPE00120566;2008-12-09;95;48;217;;
SPE00120566;2008-12-10;85;23;0;;
SPE00120566;2008-12-11;100;-2;7;;
SPE00120566;2008-12-12;90;16;22;;
SPE00120566;2008-12-13;70;2;29;;
SPE00120566;2008-12-14;75;14;27;;
SPE00120566;2008-12-15;72;10;0;;
SPE00120566;2008-12-16;112;15;0;;
SPE00120566;2008-12-17;126;18;0;;
SPE00120566;2008-12-18;135;15;0;;
SPE00120566;2008-12-19;131;8;0;;
SPE00120566;2008-12-20;129;-1;0;;
SPE00120566;2008-12-21;152;-1;0;;
SPE00120566;2008-12-22;154;-5;0;;
SPE00120566;2008-12-23;150;4;0;;
SPE00120566;2008-12-24;130;-8;0;;
SPE00120566;2008-12-25;121;-16;0;;
SPE00120566;2008-12-26;84;-28;0;;
SPE00120566;2008-12-27;92;-19;0;;
SPE00120566;2008-12-28;102;48;0;;
SPE00120566;2008-12-29;124;54;0;;
SPE00120566;2008-12-30;104;37;0;;
SPE00120566;2008-12-31;138;64;4;;
SPE00120566;2009-01-01;147;68;1;;
SPE00120566;2009-01-02;140;63;4;;
SPE00120566;2009-01-03;114;74;40;;
SPE00120566;2009-01-04;120;32;0;;
SPE00120566;2009-01-05;44;-1;0;;
SPE00120566;2009-01-06;90;-6;0;;
SPE00120566;2009-01-07;53;-28;0;;
SPE00120566;2009-01-08;40;-44;0;;
SPE00120566;2009-01-09;35;-26;0;;
SPE00120566;2009-01-10;-2;-39;0;;
SPE00120566;2009-01-11;70;-49;0;;
SPE00120566;2009-01-12;88;-46;0;;
SPE00120566;2009-01-13;50;-19;17;;
SPE00120566;2009-01-14;39;6;0;;
SPE00120566;2009-01-15;68;0;0;;
SPE00120566;2009-01-16;95;-8;0;;
SPE00120566;2009-01-17;105;0;0;;
SPE00120566;2009-01-18;120;-10;0;;
SPE00120566;2009-01-19;138;75;13;;
SPE00120566;2009-01-20;84;3;0;;
SPE00120566;2009-01-21;90;-17;6;;
SPE00120566;2009-01-22;134;41;5;;
SPE00120566;2009-01-23;170;110;1;;
SPE00120566;2009-01-24;130;56;0;;
SPE00120566;2009-01-25;100;32;36;;
SPE00120566;2009-01-26;112;25;0;;
SPE00120566;2009-01-27;138;28;0;;
SPE00120566;2009-01-28;140;84;0;;
SPE00120566;2009-01-29;164;91;1;;
SPE00120566;2009-01-30;165;36;0;;
SPE00120566;2009-01-31;117;44;44;;
SPE00120566;2009-02-01;89;31;158;;
SPE00120566;2009-02-02;93;44;19;;
SPE00120566;2009-02-03;75;25;8;;
SPE00120566;2009-02-04;115;50;49;;
SPE00120566;2009-02-05;99;50;0;;
SPE00120566;2009-02-06;74;5;49;;
SPE00120566;2009-02-07;97;0;0;;
SPE00120566;2009-02-08;119;19;0;;
SPE00120566;2009-02-09;140;85;0;;
SPE00120566;2009-02-10;140;54;0;;
SPE00120566;2009-02-11;141;15;0;;
SPE00120566;2009-02-12;156;35;0;;
SPE00120566;2009-02-13;165;10;0;;
SPE00120566;2009-02-14;177;-4;0;;
SPE00120566;2009-02-15;150;10;0;;
SPE00120566;2009-02-16;143;22;0;;
SPE00120566;2009-02-17;143;-3;0;;
SPE00120566;2009-02-18;181;2;0;;
SPE00120566;2009-02-19;174;6;0;;
SPE00120566;2009-02-20;162;16;0;;
SPE00120566;2009-02-21;164;32;0;;
SPE00120566;2009-02-22;166;16;0;;
SPE00120566;2009-02-23;189;14;0;;
SPE00120566;2009-02-24;200;23;0;;
SPE00120566;2009-02-25;187;45;0;;
SPE00120566;2009-02-26;183;32;0;;
SPE00120566;2009-02-27;190;18;0;;
SPE00120566;2009-02-28;132;76;15;;
SPE00120566;2009-03-01;126;72;31;;
SPE00120566;2009-03-02;129;55;10;;
SPE00120566;2009-03-03;94;60;3;;
SPE00120566;2009-03-04;122;55;19;;
SPE00120566;2009-03-05;125;55;0;;
SPE00120566;2009-03-06;166;32;0;;
SPE00120566;2009-03-07;200;92;0;;
SPE00120566;2009-03-08;210;50;0;;
SPE00120566;2009-03-09;199;50;0;;
SPE00120566;2009-03-10;215;35;0;;
SPE00120566;2009-03-11;230;35;0;;
SPE00120566;2009-03-12;221;41;0;;
SPE00120566;2009-03-13;233;60;0;;
SPE00120566;2009-03-14;254;52;0;;
SPE00120566;2009-03-15;240;91;0;;
SPE00120566;2009-03-16;245;81;0;;
SPE00120566;2009-03-17;196;62;0;;
SPE00120566;2009-03-18;214;44;0;;
SPE00120566;2009-03-19;230;40;0;;
SPE00120566;2009-03-20;242;54;0;;
SPE00120566;2009-03-21;212;62;0;;
SPE00120566;2009-03-22;200;58;0;;
SPE00120566;2009-03-23;217;46;0;;
SPE00120566;2009-03-24;219;61;0;;
SPE00120566;2009-03-25;214;36;0;;
SPE00120566;2009-03-26;242;31;0;;
SPE00120566;2009-03-27;249;58;0;;
SPE00120566;2009-03-28;191;46;119;;
SPE00120566;2009-03-29;108;26;0;;
SPE00120566;2009-03-30;85;41;22;;
SPE00120566;2009-03-31;140;20;0;;
SPE00120566;2009-04-01;176;19;0;;
SPE00120566;2009-04-02;198;45;0;;
SPE00120566;2009-04-03;218;54;0;;
SPE00120566;2009-04-04;246;66;0;;
SPE00120566;2009-04-05;244;104;0;;
SPE00120566;2009-04-06;244;98;4;;
SPE00120566;2009-04-07;165;68;0;;
SPE00120566;2009-04-08;206;40;0;;
SPE00120566;2009-04-09;225;64;2;;
SPE00120566;2009-04-10;136;46;38;;
SPE00120566;2009-04-11;140;26;0;;
SPE00120566;2009-04-12;155;45;0;;
SPE00120566;2009-04-13;204;35;0;;
SPE00120566;2009-04-14;148;66;77;;
SPE00120566;2009-04-15;150;56;55;;
SPE00120566;2009-04-16;148;58;20;;
SPE00120566;2009-04-17;156;68;0;;
SPE00120566;2009-04-18;167;70;24;;
SPE00120566;2009-04-19;190;80;3;;
SPE00120566;2009-04-20;201;70;1;;
SPE00120566;2009-04-21;225;55;0;;
SPE00120566;2009-04-22;233;58;0;;
SPE00120566;2009-04-23;260;71;0;;
SPE00120566;2009-04-24;269;80;0;;
SPE00120566;2009-04-25;192;98;0;;
SPE00120566;2009-04-26;148;75;4;;
SPE00120566;2009-04-27;202;44;0;;
SPE00120566;2009-04-28;202;96;0;;
SPE00120566;2009-04-29;228;68;0;;
SPE00120566;2009-04-30;188;94;0;;
SPE00120566;2009-05-01;202;82;0;;
SPE00120566;2009-05-02;242;70;0;;
SPE00120566;2009-05-03;268;84;0;;
SPE00120566;2009-05-04;275;100;0;;
SPE00120566;2009-05-05;281;109;0;;
SPE00120566;2009-05-06;311;122;0;;
SPE00120566;2009-05-07;310;151;0;;
SPE00120566;2009-05-08;295;144;0;;
SPE00120566;2009-05-09;283;137;34;;
SPE00120566;2009-05-10;258;123;0;;
SPE00120566;2009-05-11;243;124;0;;
SPE00120566;2009-05-12;254;110;0;;
SPE00120566;2009-05-13;243;104;0;;
SPE00120566;2009-05-14;224;110;0;;
SPE00120566;2009-05-15;242;95;0;;
SPE00120566;2009-05-16;286;110;0;;
SPE00120566;2009-05-17;252;128;0;;
SPE00120566;2009-05-18;280;108;0;;
SPE00120566;2009-05-19;307;106;0;;
SPE00120566;2009-05-20;351;145;0;;
SPE00120566;2009-05-21;339;197;0;;
SPE00120566;2009-05-22;331;172;50;;
SPE00120566;2009-05-23;204;140;22;;
SPE00120566;2009-05-24;244;130;0;;
SPE00120566;2009-05-25;236;129;0;;
SPE00120566;2009-05-26;254;116;0;;
SPE00120566;2009-05-27;277;105;0;;
SPE00120566;2009-05-28;297;137;0;;
SPE00120566;2009-05-29;317;144;0;;
SPE00120566;2009-05-30;334;155;0;;
SPE00120566;2009-05-31;338;173;1;;
SPE00120566;2009-06-01;346;168;0;;
SPE00120566;2009-06-02;349;160;0;;
SPE00120566;2009-06-03;340;172;0;;
SPE00120566;2009-06-04;300;190;0;;
SPE00120566;2009-06-05;242;125;42;;
SPE00120566;2009-06-06;212;113;16;;
SPE00120566;2009-06-07;233;102;0;;
SPE00120566;2009-06-08;215;132;5;;
SPE00120566;2009-06-09;238;117;0;;
SPE00120566;2009-06-10;293;151;0;;
SPE00120566;2009-06-11;345;168;0;;
SPE00120566;2009-06-12;385;175;0;;
SPE00120566;2009-06-13;393;202;1;;
SPE00120566;2009-06-14;348;220;10;;
SPE00120566;2009-06-15;344;182;2;;
SPE00120566;2009-06-16;316;204;0;;
SPE00120566;2009-06-17;355;193;0;;
SPE00120566;2009-06-18;367;208;0;;
SPE00120566;2009-06-19;386;222;0;;
SPE00120566;2009-06-20;378;215;0;;
SPE00120566;2009-06-21;345;163;0;;
SPE00120566;2009-06-22;357;182;0;;
SPE00120566;2009-06-23;355;216;0;;
SPE00120566;2009-06-24;327;181;0;;
SPE00120566;2009-06-25;284;182;0;;
SPE00120566;2009-06-26;290;159;0;;
SPE00120566;2009-06-27;329;166;0;;
SPE00120566;2009-06-28;299;191;0;;
SPE00120566;2009-06-29;342;185;0;;
SPE00120566;2009-06-30;358;215;0;;
SPE00120566;2009-07-01;368;222;0;;
SPE00120566;2009-07-02;360;216;0;;
SPE00120566;2009-07-03;356;213;0;;
SPE00120566;2009-07-04;332;202;0;;
SPE00120566;2009-07-05;323;188;0;;
SPE00120566;2009-07-06;319;180;0;;
SPE00120566;2009-07-07;331;180;0;;
SPE00120566;2009-07-08;346;182;0;;
SPE00120566;2009-07-09;350;197;0;;
SPE00120566;2009-07-10;359;204;0;;
SPE00120566;2009-07-11;369;212;0;;
SPE00120566;2009-07-12;377;204;0;;
SPE00120566;2009-07-13;379;202;0;;
SPE00120566;2009-07-14;322;190;0;;
SPE00120566;2009-07-15;348;172;0;;
SPE00120566;2009-07-16;362;182;0;;
SPE00120566;2009-07-17;300;184;0;;
SPE00120566;2009-07-18;317;145;0;;
SPE00120566;2009-07-19;358;160;0;;
SPE00120566;2009-07-20;366;198;0;;
SPE00120566;2009-07-21;404;208;0;;
SPE00120566;2009-07-22;357;222;0;;
SPE00120566;2009-07-23;306;187;0;;
SPE00120566;2009-07-24;326;191;0;;
SPE00120566;2009-07-25;376;173;0;;
SPE00120566;2009-07-26;410;204;0;;
SPE00120566;2009-07-27;361;227;0;;
SPE00120566;2009-07-28;384;187;0;;
SPE00120566;2009-07-29;360;224;0;;
SPE00120566;2009-07-30;369;194;0;;
SPE00120566;2009-07-31;369;218;0;;
SPE00120566;2009-08-01;312;196;0;;
SPE00120566;2009-08-02;317;155;0;;
SPE00120566;2009-08-03;350;185;0;;
SPE00120566;2009-08-04;381;198;0;;
SPE00120566;2009-08-05;383;203;0;;
SPE00120566;2009-08-06;356;225;0;;
SPE00120566;2009-08-07;347;195;0;;
SPE00120566;2009-08-08;344;190;0;;
SPE00120566;2009-08-09;331;180;0;;
SPE00120566;2009-08-10;334;178;233;;
SPE00120566;2009-08-11;324;172;0;;
SPE00120566;2009-08-12;348;200;0;;
SPE00120566;2009-08-13;358;229;0;;
SPE00120566;2009-08-14;348;205;0;;
SPE00120566;2009-08-15;357;219;0;;
SPE00120566;2009-08-16;380;216;0;;
SPE00120566;2009-08-17;385;223;0;;
SPE00120566;2009-08-18;380;222;0;;
SPE00120566;2009-08-19;377;211;0;;
SPE00120566;2009-08-20;376;219;0;;
SPE00120566;2009-08-21;383;211;0;;
SPE00120566;2009-08-22;375;199;0;;
SPE00120566;2009-08-23;392;209;0;;
SPE00120566;2009-08-24;345;230;0;;
SPE00120566;2009-08-25;311;196;0;;
SPE00120566;2009-08-26;344;189;0;;
SPE00120566;2009-08-27;364;184;0;;
SPE00120566;2009-08-28;378;196;0;;
SPE00120566;2009-08-29;369;197;0;;
SPE00120566;2009-08-30;377;216;0;;
SPE00120566;2009-08-31;390;216;0;;
SPE00120566;2009-09-01;345;231;0;;
SPE00120566;2009-09-02;324;205;0;;
SPE00120566;2009-09-03;332;161;0;;
SPE00120566;2009-09-04;345;199;0;;
SPE00120566;2009-09-05;333;171;0;;
SPE00120566;2009-09-06;347;214;0;;
SPE00120566;2009-09-07;346;204;0;;
SPE00120566;2009-09-08;335;193;0;;
SPE00120566;2009-09-09;331;199;0;;
SPE00120566;2009-09-10;337;184;0;;
SPE00120566;2009-09-11;330;177;0;;
SPE00120566;2009-09-12;316;174;10;;
SPE00120566;2009-09-13;294;163;0;;
SPE00120566;2009-09-14;274;170;0;;
SPE00120566;2009-09-15;242;118;0;;
SPE00120566;2009-09-16;242;114;32;;
SPE00120566;2009-09-17;169;109;94;;
SPE00120566;2009-09-18;184;98;15;;
SPE00120566;2009-09-19;239;124;0;;
SPE00120566;2009-09-20;261;133;0;;
SPE00120566;2009-09-21;251;121;0;;
SPE00120566;2009-09-22;273;115;0;;
SPE00120566;2009-09-23;274;162;0;;
SPE00120566;2009-09-24;281;141;0;;
SPE00120566;2009-09-25;304;136;0;;
SPE00120566;2009-09-26;285;141;0;;
SPE00120566;2009-09-27;275;156;0;;
SPE00120566;2009-09-28;271;140;0;;
SPE00120566;2009-09-29;211;149;6;;
SPE00120566;2009-09-30;241;155;0;;
SPE00120566;2009-10-01;255;146;8;;
SPE00120566;2009-10-02;282;140;0;;
SPE00120566;2009-10-03;285;116;0;;
SPE00120566;2009-10-04;298;118;0;;
SPE00120566;2009-10-05;309;141;0;;
SPE00120566;2009-10-06;309;195;0;;
SPE00120566;2009-10-07;259;165;138;;
SPE00120566;2009-10-08;244;146;0;;
SPE00120566;2009-10-09;255;134;0;;
SPE00120566;2009-10-10;259;136;0;;
SPE00120566;2009-10-11;274;139;0;;
SPE00120566;2009-10-12;288;128;0;;
SPE00120566;2009-10-13;266;97;0;;
SPE00120566;2009-10-14;272;121;0;;
SPE00120566;2009-10-15;247;109;0;;
SPE00120566;2009-10-16;198;47;0;;
SPE00120566;2009-10-17;238;69;0;;
SPE00120566;2009-10-18;256;47;0;;
SPE00120566;2009-10-19;236;72;0;;
SPE00120566;2009-10-20;175;120;85;;
SPE00120566;2009-10-21;150;75;118;;
SPE00120566;2009-10-22;181;115;0;;
SPE00120566;2009-10-23;208;80;0;;
SPE00120566;2009-10-24;218;116;0;;
SPE00120566;2009-10-25;242;117;0;;
SPE00120566;2009-10-26;248;119;0;;
SPE00120566;2009-10-27;262;113;0;;
SPE00120566;2009-10-28;238;110;0;;
SPE00120566;2009-10-29;265;121;0;;
SPE00120566;2009-10-30;267;110;0;;
SPE00120566;2009-10-31;258;128;0;;
SPE00120566;2009-11-01;254;133;0;;
SPE00120566;2009-11-02;185;112;0;;
SPE00120566;2009-11-03;201;70;0;;
SPE00120566;2009-11-04;195;96;0;;
SPE00120566;2009-11-05;159;75;0;;
SPE00120566;2009-11-06;184;95;0;;
SPE00120566;2009-11-07;177;88;0;;
SPE00120566;2009-11-08;162;81;0;;
SPE00120566;2009-11-09;169;78;0;;
SPE00120566;2009-11-10;184;68;0;;
SPE00120566;2009-11-11;196;67;0;;
SPE00120566;2009-11-12;204;56;0;;
SPE00120566;2009-11-13;210;54;0;;
SPE00120566;2009-11-14;161;104;12;;
SPE00120566;2009-11-15;230;112;0;;
SPE00120566;2009-11-16;248;100;0;;
SPE00120566;2009-11-17;198;112;0;;
SPE00120566;2009-11-18;184;95;0;;
SPE00120566;2009-11-19;215;81;0;;
SPE00120566;2009-11-20;201;55;0;;
SPE00120566;2009-11-21;197;54;0;;
SPE00120566;2009-11-22;166;78;0;;
SPE00120566;2009-11-23;171;36;0;;
SPE00120566;2009-11-24;169;5;0;;
SPE00120566;2009-11-25;127;8;8;;
SPE00120566;2009-11-26;164;85;14;;
SPE00120566;2009-11-27;121;60;0;;
SPE00120566;2009-11-28;147;52;0;;
SPE00120566;2009-11-29;112;42;56;;
SPE00120566;2009-11-30;106;27;0;;
SPE00120566;2009-12-01;111;19;1;;
SPE00120566;2009-12-02;140;84;26;;
SPE00120566;2009-12-03;136;58;0;;
SPE00120566;2009-12-04;137;45;0;;
SPE00120566;2009-12-05;114;19;0;;
SPE00120566;2009-12-06;143;64;0;;
SPE00120566;2009-12-07;132;93;28;;
SPE00120566;2009-12-08;140;89;0;;
SPE00120566;2009-12-09;96;30;1;;
SPE00120566;2009-12-10;99;28;0;;
SPE00120566;2009-12-11;62;9;0;;
SPE00120566;2009-12-12;57;8;0;;
SPE00120566;2009-12-13;71;-1;10;;
SPE00120566;2009-12-14;49;-15;59;;10
SPE00120566;2009-12-15;69;-43;0;;10
SPE00120566;2009-12-16;15;-25;43;;
SPE00120566;2009-12-17;138;15;2;;
SPE00120566;2009-12-18;64;21;11;;
SPE00120566;2009-12-19;58;-25;0;;
SPE00120566;2009-12-20;41;-62;83;;
SPE00120566;2009-12-21;106;-8;114;;
SPE00120566;2009-12-22;130;76;157;;
SPE00120566;2009-12-23;154;64;100;;
SPE00120566;2009-12-24;162;79;36;;
SPE00120566;2009-12-25;88;36;177;;
SPE00120566;2009-12-26;95;36;21;;
SPE00120566;2009-12-27;94;6;25;;
SPE00120566;2009-12-28;160;33;119;;
SPE00120566;2009-12-29;165;127;343;;
SPE00120566;2009-12-30;149;89;59;;
SPE00120566;2009-12-31;121;43;10;;
SPE00120566;2010-01-01;106;48;0;;
SPE00120566;2010-01-02;106;39;0;;
SPE00120566;2010-01-03;87;21;66;;
SPE00120566;2010-01-04;124;74;49;;
SPE00120566;2010-01-05;119;75;0;;
SPE00120566;2010-01-06;83;48;35;;
SPE00120566;2010-01-07;51;4;167;;
SPE00120566;2010-01-08;37;-9;0;;
SPE00120566;2010-01-09;47;-34;0;;
SPE00120566;2010-01-10;6;-41;44;;
SPE00120566;2010-01-11;31;-24;0;;41
SPE00120566;2010-01-12;75;15;80;;
SPE00120566;2010-01-13;121;24;38;;
SPE00120566;2010-01-14;125;55;0;;
SPE00120566;2010-01-15;110;34;0;;
SPE00120566;2010-01-16;116;64;1;;
SPE00120566;2010-01-17;154;70;0;;
SPE00120566;2010-01-18;145;48;0;;
SPE00120566;2010-01-19;139;82;22;;
SPE00120566;2010-01-20;125;57;0;;
SPE00120566;2010-01-21;109;17;0;;
SPE00120566;2010-01-22;97;11;0;;
SPE00120566;2010-01-23;139;58;0;;
SPE00120566;2010-01-24;123;56;0;;
SPE00120566;2010-01-25;101;16;81;;
SPE00120566;2010-01-26;101;7;0;;
SPE00120566;2010-01-27;51;-10;0;;
SPE00120566;2010-01-28;113;-24;0;;
SPE00120566;2010-01-29;115;1;0;;
SPE00120566;2010-01-30;127;11;0;;
SPE00120566;2010-01-31;123;10;0;;
SPE00120566;2010-02-01;120;20;0;;
SPE00120566;2010-02-02;112;-23;0;;
SPE00120566;2010-02-03;130;-19;16;;
SPE00120566;2010-02-04;125;62;15;;
SPE00120566;2010-02-05;135;66;0;;
SPE00120566;2010-02-06;157;40;0;;
SPE00120566;2010-02-07;127;24;3;;
SPE00120566;2010-02-08;127;61;66;;
SPE00120566;2010-02-09;119;46;40;;
SPE00120566;2010-02-10;84;9;4;;
SPE00120566;2010-02-11;70;-20;0;;
SPE00120566;2010-02-12;69;-36;0;;
SPE00120566;2010-02-13;72;-22;0;;
SPE00120566;2010-02-14;60;-43;0;;
SPE00120566;2010-02-15;26;8;267;;
SPE00120566;2010-02-16;105;24;73;;
SPE00120566;2010-02-17;119;60;25;;
SPE00120566;2010-02-18;92;20;5;;
SPE00120566;2010-02-19;100;28;8;;
SPE00120566;2010-02-20;110;10;12;;
SPE00120566;2010-02-21;115;44;57;;
SPE00120566;2010-02-22;163;75;54;;
SPE00120566;2010-02-23;151;79;73;;
SPE00120566;2010-02-24;163;85;1;;
SPE00120566;2010-02-25;163;97;94;;
SPE00120566;2010-02-26;135;65;33;;
SPE00120566;2010-02-27;230;101;1;;
SPE00120566;2010-02-28;155;62;20;;
SPE00120566;2010-03-01;142;62;0;;
SPE00120566;2010-03-02;146;36;91;;
SPE00120566;2010-03-03;147;68;5;;
SPE00120566;2010-03-04;163;60;0;;
SPE00120566;2010-03-05;108;53;328;;
SPE00120566;2010-03-06;72;21;78;;
SPE00120566;2010-03-07;112;48;74;;
SPE00120566;2010-03-08;65;4;0;;
SPE00120566;2010-03-09;104;-18;0;;
SPE00120566;2010-03-10;106;-24;0;;
SPE00120566;2010-03-11;105;-17;0;;
SPE00120566;2010-03-12;71;15;0;;
SPE00120566;2010-03-13;115;-12;0;;
SPE00120566;2010-03-14;143;20;0;;
SPE00120566;2010-03-15;167;2;0;;
SPE00120566;2010-03-16;194;4;0;;
SPE00120566;2010-03-17;206;41;0;;
SPE00120566;2010-03-18;209;76;1;;
SPE00120566;2010-03-19;210;111;2;;
SPE00120566;2010-03-20;225;128;0;;
SPE00120566;2010-03-21;183;98;4;;
SPE00120566;2010-03-22;213;85;0;;
SPE00120566;2010-03-23;216;75;0;;
SPE00120566;2010-03-24;209;110;59;;
SPE00120566;2010-03-25;148;74;65;;
SPE00120566;2010-03-26;145;50;2;;
SPE00120566;2010-03-27;177;70;0;;
SPE00120566;2010-03-28;209;59;0;;
SPE00120566;2010-03-29;174;90;36;;
SPE00120566;2010-03-30;148;63;0;;
SPE00120566;2010-03-31;152;39;0;;
SPE00120566;2010-04-01;160;74;0;;
SPE00120566;2010-04-02;174;53;0;;
SPE00120566;2010-04-03;147;67;12;;
SPE00120566;2010-04-04;163;53;0;;
SPE00120566;2010-04-05;195;32;0;;
SPE00120566;2010-04-06;208;55;0;;
SPE00120566;2010-04-07;196;95;0;;
SPE00120566;2010-04-08;197;39;0;;
SPE00120566;2010-04-09;206;58;0;;
SPE00120566;2010-04-10;214;60;0;;
SPE00120566;2010-04-11;224;52;0;;
SPE00120566;2010-04-12;216;52;8;;
SPE00120566;2010-04-13;109;80;156;;
SPE00120566;2010-04-14;159;87;74;;
SPE00120566;2010-04-15;177;96;116;;
SPE00120566;2010-04-16;172;101;108;;
SPE00120566;2010-04-17;192;102;23;;
SPE00120566;2010-04-18;160;106;80;;
SPE00120566;2010-04-19;204;84;0;;
SPE00120566;2010-04-20;220;94;0;;
SPE00120566;2010-04-21;240;115;6;;
SPE00120566;2010-04-22;209;136;0;;
SPE00120566;2010-04-23;234;111;0;;
SPE00120566;2010-04-24;250;122;0;;
SPE00120566;2010-04-25;269;132;0;;
SPE00120566;2010-04-26;283;134;0;;
SPE00120566;2010-04-27;291;140;0;;
SPE00120566;2010-04-28;299;153;0;;
SPE00120566;2010-04-29;275;138;0;;
SPE00120566;2010-04-30;254;157;0;;
SPE00120566;2010-05-01;246;142;0;;
SPE00120566;2010-05-02;250;107;1;;
SPE00120566;2010-05-03;169;86;1;;
SPE00120566;2010-05-04;153;46;0;;
SPE00120566;2010-05-05;169;45;0;;
SPE00120566;2010-05-06;201;35;0;;
SPE00120566;2010-05-07;194;90;0;;
SPE00120566;2010-05-08;194;74;98;;
SPE00120566;2010-05-09;191;115;64;;
SPE00120566;2010-05-10;168;95;46;;
SPE00120566;2010-05-11;168;94;47;;
SPE00120566;2010-05-12;173;84;0;;
SPE00120566;2010-05-13;174;64;30;;
SPE00120566;2010-05-14;151;60;1;;
SPE00120566;2010-05-15;186;74;0;;
SPE00120566;2010-05-16;213;66;0;;
SPE00120566;2010-05-17;251;80;0;;
SPE00120566;2010-05-18;275;108;0;;
SPE00120566;2010-05-19;286;113;0;;
SPE00120566;2010-05-20;265;121;0;;
SPE00120566;2010-05-21;290;140;0;;
SPE00120566;2010-05-22;304;149;0;;
SPE00120566;2010-05-23;300;153;0;;
SPE00120566;2010-05-24;303;142;0;;
SPE00120566;2010-05-25;256;150;0;;
SPE00120566;2010-05-26;256;137;0;;
SPE00120566;2010-05-27;252;140;0;;
SPE00120566;2010-05-28;234;126;52;;
SPE00120566;2010-05-29;281;117;0;;
SPE00120566;2010-05-30;317;159;0;;
SPE00120566;2010-05-31;335;166;0;;
SPE00120566;2010-06-01;344;187;0;;
SPE00120566;2010-06-02;321;195;0;;
SPE00120566;2010-06-03;338;195;0;;
SPE00120566;2010-06-04;350;209;0;;
SPE00120566;2010-06-05;345;190;0;;
SPE00120566;2010-06-06;308;197;0;;
SPE00120566;2010-06-07;312;171;0;;
SPE00120566;2010-06-08;258;151;66;;
SPE00120566;2010-06-09;188;125;128;;
SPE00120566;2010-06-10;216;116;9;;
SPE00120566;2010-06-11;197;116;13;;
SPE00120566;2010-06-12;187;124;362;;
SPE00120566;2010-06-13;237;135;0;;
SPE00120566;2010-06-14;264;138;0;;
SPE00120566;2010-06-15;226;119;0;;
SPE00120566;2010-06-16;210;95;0;;
SPE00120566;2010-06-17;260;112;0;;
SPE00120566;2010-06-18;275;133;18;;
SPE00120566;2010-06-19;271;145;0;;
SPE00120566;2010-06-20;267;138;0;;
SPE00120566;2010-06-21;274;98;0;;
SPE00120566;2010-06-22;324;134;0;;
SPE00120566;2010-06-23;340;160;0;;
SPE00120566;2010-06-24;351;186;39;;
SPE00120566;2010-06-25;324;196;2;;
SPE00120566;2010-06-26;327;173;7;;
SPE00120566;2010-06-27;315;184;0;;
SPE00120566;2010-06-28;330;178;0;;
SPE00120566;2010-06-29;340;198;0;;
SPE00120566;2010-06-30;350;195;0;;
SPE00120566;2010-07-01;350;205;1;;
SPE00120566;2010-07-02;339;193;24;;
SPE00120566;2010-07-03;295;182;27;;
SPE00120566;2010-07-04;350;190;0;;
SPE00120566;2010-07-05;360;202;0;;
SPE00120566;2010-07-06;374;201;0;;
SPE00120566;2010-07-07;387;222;0;;
SPE00120566;2010-07-08;326;258;3;;
SPE00120566;2010-07-09;362;217;0;;
SPE00120566;2010-07-10;383;207;0;;
SPE00120566;2010-07-11;393;220;0;;
SPE00120566;2010-07-12;362;236;0;;
SPE00120566;2010-07-13;346;199;0;;
SPE00120566;2010-07-14;318;197;0;;
SPE00120566;2010-07-15;345;175;0;;
SPE00120566;2010-07-16;347;190;0;;
SPE00120566;2010-07-17;367;194;0;;
SPE00120566;2010-07-18;381;220;0;;
SPE00120566;2010-07-19;380;223;0;;
SPE00120566;2010-07-20;374;211;0;;
SPE00120566;2010-07-21;329;207;0;;
SPE00120566;2010-07-22;335;205;0;;
SPE00120566;2010-07-23;351;188;0;;
SPE00120566;2010-07-24;357;215;0;;
SPE00120566;2010-07-25;357;183;0;;
SPE00120566;2010-07-26;356;192;0;;
SPE00120566;2010-07-27;369;188;0;;
SPE00120566;2010-07-28;389;208;0;;
SPE00120566;2010-07-29;389;208;0;;
SPE00120566;2010-07-30;364;200;0;;
SPE00120566;2010-07-31;390;219;0;;
SPE00120566;2010-08-01;378;228;0;;
SPE00120566;2010-08-02;364;222;0;;
SPE00120566;2010-08-03;339;187;0;;
SPE00120566;2010-08-04;360;187;0;;
SPE00120566;2010-08-05;347;189;0;;
SPE00120566;2010-08-06;356;179;0;;
SPE00120566;2010-08-07;382;214;0;;
SPE00120566;2010-08-08;340;235;25;;
SPE00120566;2010-08-09;360;208;0;;
SPE00120566;2010-08-10;384;228;0;;
SPE00120566;2010-08-11;375;227;0;;
SPE00120566;2010-08-12;358;195;0;;
SPE00120566;2010-08-13;300;170;0;;
SPE00120566;2010-08-14;293;160;0;;
SPE00120566;2010-08-15;334;140;0;;
SPE00120566;2010-08-16;252;168;9;;
SPE00120566;2010-08-17;290;172;0;;
SPE00120566;2010-08-18;333;186;0;;
SPE00120566;2010-08-19;328;184;0;;
SPE00120566;2010-08-20;349;173;0;;
SPE00120566;2010-08-21;370;211;0;;
SPE00120566;2010-08-22;373;218;0;;
SPE00120566;2010-08-23;348;213;0;;
SPE00120566;2010-08-24;334;180;0;;
SPE00120566;2010-08-25;384;200;0;;
SPE00120566;2010-08-26;399;225;0;;
SPE00120566;2010-08-27;365;215;0;;
SPE00120566;2010-08-28;358;195;0;;
SPE00120566;2010-08-29;361;187;0;;
SPE00120566;2010-08-30;360;185;0;;
SPE00120566;2010-08-31;347;185;0;;
SPE00120566;2010-09-01;316;179;109;;
SPE00120566;2010-09-02;282;168;0;;
SPE00120566;2010-09-03;324;180;0;;
SPE00120566;2010-09-04;348;177;0;;
SPE00120566;2010-09-05;358;186;0;;
SPE00120566;2010-09-06;335;205;0;;
SPE00120566;2010-09-07;255;171;0;;
SPE00120566;2010-09-08;254;144;0;;
SPE00120566;2010-09-09;284;150;0;;
SPE00120566;2010-09-10;304;140;0;;
SPE00120566;2010-09-11;328;160;0;;
SPE00120566;2010-09-12;338;173;0;;
SPE00120566;2010-09-13;343;179;0;;
SPE00120566;2010-09-14;359;168;0;;
SPE00120566;2010-09-15;358;170;7;;
SPE00120566;2010-09-16;259;153;64;;
SPE00120566;2010-09-17;239;155;0;;
SPE00120566;2010-09-18;265;150;0;;
SPE00120566;2010-09-19;287;137;0;;
SPE00120566;2010-09-20;205;149;13;;
SPE00120566;2010-09-21;265;133;0;;
SPE00120566;2010-09-22;289;141;0;;
SPE00120566;2010-09-23;241;171;0;;
SPE00120566;2010-09-24;269;140;0;;
SPE00120566;2010-09-25;236;125;0;;
SPE00120566;2010-09-26;230;97;0;;
SPE00120566;2010-09-27;256;78;0;;
SPE00120566;2010-09-28;273;114;0;;
SPE00120566;2010-09-29;286;107;0;;
SPE00120566;2010-09-30;289;127;0;;
SPE00120566;2010-10-01;283;128;0;;
SPE00120566;2010-10-02;287;102;0;;
SPE00120566;2010-10-03;213;126;37;;
SPE00120566;2010-10-04;223;132;0;;
SPE00120566;2010-10-05;250;94;0;;
SPE00120566;2010-10-06;265;95;0;;
SPE00120566;2010-10-07;272;150;17;;
SPE00120566;2010-10-08;273;151;75;;
SPE00120566;2010-10-09;215;120;239;;
SPE00120566;2010-10-10;180;110;0;;
SPE00120566;2010-10-11;183;102;0;;
SPE00120566;2010-10-12;204;99;0;;
SPE00120566;2010-10-13;230;116;0;;
SPE00120566;2010-10-14;237;115;0;;
SPE00120566;2010-10-15;220;93;0;;
SPE00120566;2010-10-16;208;72;0;;
SPE00120566;2010-10-17;187;72;0;;
SPE00120566;2010-10-18;184;34;0;;
SPE00120566;2010-10-19;216;35;0;;
SPE00120566;2010-10-20;237;38;0;;
SPE00120566;2010-10-21;230;40;0;;
SPE00120566;2010-10-22;208;60;0;;
SPE00120566;2010-10-23;221;85;0;;
SPE00120566;2010-10-24;226;80;0;;
SPE00120566;2010-10-25;193;67;0;;
SPE00120566;2010-10-26;205;15;0;;
SPE00120566;2010-10-27;231;25;0;;
SPE00120566;2010-10-28;216;74;0;;
SPE00120566;2010-10-29;218;87;71;;
SPE00120566;2010-10-30;128;95;51;;
SPE00120566;2010-10-31;152;101;0;;
SPE00120566;2010-11-01;185;89;0;;
SPE00120566;2010-11-02;200;81;0;;
SPE00120566;2010-11-03;219;61;0;;
SPE00120566;2010-11-04;225;85;0;;
SPE00120566;2010-11-05;226;65;0;;
SPE00120566;2010-11-06;211;75;0;;
SPE00120566;2010-11-07;163;95;0;;
SPE00120566;2010-11-08;144;59;0;;
SPE00120566;2010-11-09;150;91;1;;
SPE00120566;2010-11-10;145;69;0;;
SPE00120566;2010-11-11;158;33;0;;
SPE00120566;2010-11-12;190;55;0;;
SPE00120566;2010-11-13;174;79;0;;
SPE00120566;2010-11-14;144;79;66;;
SPE00120566;2010-11-15;129;36;0;;
SPE00120566;2010-11-16;143;24;55;;
SPE00120566;2010-11-17;111;51;19;;
SPE00120566;2010-11-18;137;25;0;;
SPE00120566;2010-11-19;148;40;11;;
SPE00120566;2010-11-20;145;68;46;;
SPE00120566;2010-11-21;137;59;26;;
SPE00120566;2010-11-22;123;38;0;;
SPE00120566;2010-11-23;134;30;0;;
SPE00120566;2010-11-24;145;43;0;;
SPE00120566;2010-11-25;122;8;0;;
SPE00120566;2010-11-26;102;-5;0;;
SPE00120566;2010-11-27;68;-13;0;;
SPE00120566;2010-11-28;102;-17;0;;
SPE00120566;2010-11-29;40;-18;25;;
SPE00120566;2010-11-30;86;31;33;;
SPE00120566;2010-12-01;73;30;16;;
SPE00120566;2010-12-02;86;29;27;;
SPE00120566;2010-12-03;86;-1;0;;
SPE00120566;2010-12-04;49;-39;2;;
SPE00120566;2010-12-05;136;31;108;;
SPE00120566;2010-12-06;194;125;36;;
SPE00120566;2010-12-07;156;122;93;;
SPE00120566;2010-12-08;169;110;43;;
SPE00120566;2010-12-09;163;99;2;;
SPE00120566;2010-12-10;146;75;0;;
SPE00120566;2010-12-11;132;72;2;;
SPE00120566;2010-12-12;95;48;0;;
SPE00120566;2010-12-13;144;60;0;;
SPE00120566;2010-12-14;145;39;0;;
SPE00120566;2010-12-15;91;-13;0;;
SPE00120566;2010-12-16;61;-42;0;;
SPE00120566;2010-12-17;76;-57;0;;
SPE00120566;2010-12-18;48;-25;25;;
SPE00120566;2010-12-19;90;48;18;;
SPE00120566;2010-12-20;118;58;37;;
SPE00120566;2010-12-21;130;69;79;;
SPE00120566;2010-12-22;121;83;56;;
SPE00120566;2010-12-23;88;20;7;;
SPE00120566;2010-12-24;73;6;0;;
SPE00120566;2010-12-25;77;-10;0;;
SPE00120566;2010-12-26;85;-47;0;;
SPE00120566;2010-12-27;77;-54;0;;
SPE00120566;2010-12-28;95;-1;0;;
SPE00120566;2010-12-29;133;23;0;;
SPE00120566;2010-12-30;102;45;59;;
SPE00120566;2010-12-31;123;66;4;;
SPE00120566;2011-01-01;110;60;0;;
SPE00120566;2011-01-02;135;56;0;;
SPE00120566;2011-01-03;105;20;0;;
SPE00120566;2011-01-04;95;44;9;;
SPE00120566;2011-01-05;118;59;18;;
SPE00120566;2011-01-06;181;101;0;;
SPE00120566;2011-01-07;139;114;0;;
SPE00120566;2011-01-08;144;95;71;;
SPE00120566;2011-01-09;126;69;131;;
SPE00120566;2011-01-10;93;32;7;;
SPE00120566;2011-01-11;156;69;0;;
SPE00120566;2011-01-12;168;59;0;;
SPE00120566;2011-01-13;121;35;1;;
SPE00120566;2011-01-14;122;21;0;;
SPE00120566;2011-01-15;135;12;0;;
SPE00120566;2011-01-16;150;4;0;;
SPE00120566;2011-01-17;84;48;0;;
SPE00120566;2011-01-18;86;27;0;;
SPE00120566;2011-01-19;114;18;0;;
SPE00120566;2011-01-20;124;6;0;;
SPE00120566;2011-01-21;77;-18;0;;
SPE00120566;2011-01-22;83;-48;0;;
SPE00120566;2011-01-23;67;-50;0;;
SPE00120566;2011-01-24;92;-44;0;;
SPE00120566;2011-01-25;90;-38;0;;
SPE00120566;2011-01-26;71;-19;0;;
SPE00120566;2011-01-27;95;-5;31;;
SPE00120566;2011-01-28;107;51;27;;
SPE00120566;2011-01-29;88;24;0;;
SPE00120566;2011-01-30;79;5;28;;
SPE00120566;2011-01-31;82;-8;0;;
SPE00120566;2011-02-01;98;-16;0;;
SPE00120566;2011-02-02;124;-20;0;;
SPE00120566;2011-02-03;145;-14;0;;
SPE00120566;2011-02-04;171;-8;0;;
SPE00120566;2011-02-05;185;-6;0;;
SPE00120566;2011-02-06;189;2;0;;
SPE00120566;2011-02-07;184;1;0;;
SPE00120566;2011-02-08;174;-12;0;;
SPE00120566;2011-02-09;159;-4;0;;
SPE00120566;2011-02-10;174;-7;0;;
SPE00120566;2011-02-11;162;-1;0;;
SPE00120566;2011-02-12;165;-3;0;;
SPE00120566;2011-02-13;144;50;31;;
SPE00120566;2011-02-14;95;18;25;;
SPE00120566;2011-02-15;105;41;26;;
SPE00120566;2011-02-16;105;29;54;;
SPE00120566;2011-02-17;120;43;0;;
SPE00120566;2011-02-18;132;31;3;;
SPE00120566;2011-02-19;132;73;102;;
SPE00120566;2011-02-20;148;72;19;;
SPE00120566;2011-02-21;155;59;0;;
SPE00120566;2011-02-22;167;105;0;;
SPE00120566;2011-02-23;202;64;0;;
SPE00120566;2011-02-24;206;45;0;;
SPE00120566;2011-02-25;225;54;0;;
SPE00120566;2011-02-26;224;63;0;;
SPE00120566;2011-02-27;150;39;0;;
SPE00120566;2011-02-28;126;17;0;;
SPE00120566;2011-03-01;114;-11;0;;
SPE00120566;2011-03-02;108;8;0;;
SPE00120566;2011-03-03;96;-2;2;;
SPE00120566;2011-03-04;102;5;15;;
SPE00120566;2011-03-05;132;43;0;;
SPE00120566;2011-03-06;154;16;0;;
SPE00120566;2011-03-07;185;49;0;;
SPE00120566;2011-03-08;125;70;0;;
SPE00120566;2011-03-09;121;78;1;;
SPE00120566;2011-03-10;175;30;5;;
SPE00120566;2011-03-11;100;68;124;;
SPE00120566;2011-03-12;150;68;12;;
SPE00120566;2011-03-13;154;67;21;;
SPE00120566;2011-03-14;144;76;80;;
SPE00120566;2011-03-15;129;60;0;;
SPE00120566;2011-03-16;138;51;0;;
SPE00120566;2011-03-17;188;67;0;;
SPE00120566;2011-03-18;211;42;0;;
SPE00120566;2011-03-19;222;65;0;;
SPE00120566;2011-03-20;217;62;0;;
SPE00120566;2011-03-21;186;54;0;;
SPE00120566;2011-03-22;150;59;80;;
SPE00120566;2011-03-23;116;42;40;;
SPE00120566;2011-03-24;172;88;0;;
SPE00120566;2011-03-25;190;94;0;;
SPE00120566;2011-03-26;199;79;11;;
SPE00120566;2011-03-27;163;70;1;;
SPE00120566;2011-03-28;165;64;0;;
SPE00120566;2011-03-29;198;103;0;;
SPE00120566;2011-03-30;204;79;0;;
SPE00120566;2011-03-31;239;80;0;;
SPE00120566;2011-04-01;268;90;0;;
SPE00120566;2011-04-02;241;107;0;;
SPE00120566;2011-04-03;203;124;35;;
SPE00120566;2011-04-04;226;104;0;;
SPE00120566;2011-04-05;270;110;0;;
SPE00120566;2011-04-06;257;125;0;;
SPE00120566;2011-04-07;284;107;0;;
SPE00120566;2011-04-08;300;120;0;;
SPE00120566;2011-04-09;291;106;0;;
SPE00120566;2011-04-10;260;125;0;;
SPE00120566;2011-04-11;239;90;0;;
SPE00120566;2011-04-12;254;98;0;;
SPE00120566;2011-04-13;277;87;0;;
SPE00120566;2011-04-14;284;91;0;;
SPE00120566;2011-04-15;252;107;0;;
SPE00120566;2011-04-16;236;121;0;;
SPE00120566;2011-04-17;234;92;0;;
SPE00120566;2011-04-18;238;91;0;;
SPE00120566;2011-04-19;225;106;9;;
SPE00120566;2011-04-20;231;131;24;;
SPE00120566;2011-04-21;198;103;523;;
SPE00120566;2011-04-22;146;98;46;;
SPE00120566;2011-04-23;180;95;4;;
SPE00120566;2011-04-24;209;96;9;;
SPE00120566;2011-04-25;217;106;3;;
SPE00120566;2011-04-26;213;104;0;;
SPE00120566;2011-04-27;240;100;0;;
SPE00120566;2011-04-28;256;103;0;;
SPE00120566;2011-04-29;190;108;10;;
SPE00120566;2011-04-30;186;108;3;;
SPE00120566;2011-05-01;209;115;5;;
SPE00120566;2011-05-02;236;115;0;;
SPE00120566;2011-05-03;234;145;0;;
SPE00120566;2011-05-04;240;121;0;;
SPE00120566;2011-05-05;249;120;0;;
SPE00120566;2011-05-06;249;150;79;;
SPE00120566;2011-05-07;191;120;12;;
SPE00120566;2011-05-08;230;100;0;;
SPE00120566;2011-05-09;280;111;0;;
SPE00120566;2011-05-10;280;148;0;;
SPE00120566;2011-05-11;285;128;0;;
SPE00120566;2011-05-12;249;168;2;;
SPE00120566;2011-05-13;294;153;0;;
SPE00120566;2011-05-14;300;118;33;;
SPE00120566;2011-05-15;243;84;0;;
SPE00120566;2011-05-16;271;91;0;;
SPE00120566;2011-05-17;263;138;35;;
SPE00120566;2011-05-18;255;136;27;;
SPE00120566;2011-05-19;196;128;0;;
SPE00120566;2011-05-20;253;99;0;;
SPE00120566;2011-05-21;292;120;0;;
SPE00120566;2011-05-22;296;149;0;;
SPE00120566;2011-05-23;315;155;0;;
SPE00120566;2011-05-24;329;156;0;;
SPE00120566;2011-05-25;336;160;0;;
SPE00120566;2011-05-26;307;178;4;;
SPE00120566;2011-05-27;255;160;1;;
SPE00120566;2011-05-28;303;138;9;;
SPE00120566;2011-05-29;302;155;0;;
SPE00120566;2011-05-30;272;167;0;;
SPE00120566;2011-05-31;281;145;0;;
SPE00120566;2011-06-01;247;114;0;;
SPE00120566;2011-06-02;245;100;0;;
SPE00120566;2011-06-03;251;120;0;;
SPE00120566;2011-06-04;270;117;0;;
SPE00120566;2011-06-05;300;145;14;;
SPE00120566;2011-06-06;245;130;54;;
SPE00120566;2011-06-07;229;132;137;;
SPE00120566;2011-06-08;253;132;0;;
SPE00120566;2011-06-09;261;138;0;;
SPE00120566;2011-06-10;269;130;0;;
SPE00120566;2011-06-11;297;153;0;;
SPE00120566;2011-06-12;331;157;0;;
SPE00120566;2011-06-13;318;194;0;;
SPE00120566;2011-06-14;329;174;0;;
SPE00120566;2011-06-15;340;191;0;;
SPE00120566;2011-06-16;318;189;0;;
SPE00120566;2011-06-17;324;176;0;;
SPE00120566;2011-06-18;312;180;0;;
SPE00120566;2011-06-19;344;155;0;;
SPE00120566;2011-06-20;366;181;0;;
SPE00120566;2011-06-21;373;213;0;;
SPE00120566;2011-06-22;340;203;0;;
SPE00120566;2011-06-23;342;172;0;;
SPE00120566;2011-06-24;355;170;0;;
SPE00120566;2011-06-25;380;207;0;;
SPE00120566;2011-06-26;394;225;0;;
SPE00120566;2011-06-27;397;231;0;;
SPE00120566;2011-06-28;374;233;0;;
SPE00120566;2011-06-29;365;204;0;;
SPE00120566;2011-06-30;369;175;0;;
SPE00120566;2011-07-01;376;192;0;;
SPE00120566;2011-07-02;374;204;0;;
SPE00120566;2011-07-03;327;211;0;;
SPE00120566;2011-07-04;325;173;0;;
SPE00120566;2011-07-05;360;202;0;;
SPE00120566;2011-07-06;342;205;0;;
SPE00120566;2011-07-07;306;170;0;;
SPE00120566;2011-07-08;322;148;0;;
SPE00120566;2011-07-09;335;185;0;;
SPE00120566;2011-07-10;350;188;0;;
SPE00120566;2011-07-11;370;170;0;;
SPE00120566;2011-07-12;329;180;47;;
SPE00120566;2011-07-13;286;153;0;;
SPE00120566;2011-07-14;306;146;0;;
SPE00120566;2011-07-15;344;164;0;;
SPE00120566;2011-07-16;363;197;0;;
SPE00120566;2011-07-17;323;196;0;;
SPE00120566;2011-07-18;320;159;0;;
SPE00120566;2011-07-19;295;188;0;;
SPE00120566;2011-07-20;335;156;0;;
SPE00120566;2011-07-21;361;198;0;;
SPE00120566;2011-07-22;344;175;0;;
SPE00120566;2011-07-23;335;177;0;;
SPE00120566;2011-07-24;324;167;0;;
SPE00120566;2011-07-25;339;177;0;;
SPE00120566;2011-07-26;373;197;0;;
SPE00120566;2011-07-27;354;197;0;;
SPE00120566;2011-07-28;364;208;0;;
SPE00120566;2011-07-29;366;207;0;;
SPE00120566;2011-07-30;369;227;0;;
SPE00120566;2011-07-31;368;206;0;;
SPE00120566;2011-08-01;355;215;0;;
SPE00120566;2011-08-02;301;191;0;;
SPE00120566;2011-08-03;335;178;0;;
SPE00120566;2011-08-04;364;194;0;;
SPE00120566;2011-08-05;347;225;0;;
SPE00120566;2011-08-06;331;197;0;;
SPE00120566;2011-08-07;343;198;0;;
SPE00120566;2011-08-08;352;198;0;;
SPE00120566;2011-08-09;350;183;0;;
SPE00120566;2011-08-10;369;204;0;;
SPE00120566;2011-08-11;380;210;0;;
SPE00120566;2011-08-12;363;208;57;;
SPE00120566;2011-08-13;337;182;0;;
SPE00120566;2011-08-14;364;214;0;;
SPE00120566;2011-08-15;379;213;0;;
SPE00120566;2011-08-16;395;196;0;;
SPE00120566;2011-08-17;380;229;0;;
SPE00120566;2011-08-18;388;216;0;;
SPE00120566;2011-08-19;382;217;0;;
SPE00120566;2011-08-20;399;244;11;;
SPE00120566;2011-08-21;342;205;17;;
SPE00120566;2011-08-22;303;185;0;;
SPE00120566;2011-08-23;339;180;0;;
SPE00120566;2011-08-24;325;182;0;;
SPE00120566;2011-08-25;334;190;0;;
SPE00120566;2011-08-26;284;179;0;;
SPE00120566;2011-08-27;310;124;0;;
SPE00120566;2011-08-28;340;175;0;;
SPE00120566;2011-08-29;337;194;0;;
SPE00120566;2011-08-30;335;189;0;;
SPE00120566;2011-08-31;299;193;0;;
SPE00120566;2011-09-01;286;178;0;;
SPE00120566;2011-09-02;271;156;0;;
SPE00120566;2011-09-03;278;144;0;;
SPE00120566;2011-09-04;279;144;0;;
SPE00120566;2011-09-05;305;150;0;;
SPE00120566;2011-09-06;333;142;0;;
SPE00120566;2011-09-07;355;150;0;;
SPE00120566;2011-09-08;357;154;0;;
SPE00120566;2011-09-09;376;158;0;;
SPE00120566;2011-09-10;343;182;0;;
SPE00120566;2011-09-11;309;183;0;;
SPE00120566;2011-09-12;344;152;0;;
SPE00120566;2011-09-13;359;156;0;;
SPE00120566;2011-09-14;353;197;0;;
SPE00120566;2011-09-15;347;182;0;;
SPE00120566;2011-09-16;336;173;0;;
SPE00120566;2011-09-17;319;197;0;;
SPE00120566;2011-09-18;282;164;0;;
SPE00120566;2011-09-19;261;103;0;;
SPE00120566;2011-09-20;308;119;0;;
SPE00120566;2011-09-21;319;164;0;;
SPE00120566;2011-09-22;321;150;0;;
SPE00120566;2011-09-23;303;160;0;;
SPE00120566;2011-09-24;275;145;0;;
SPE00120566;2011-09-25;304;110;0;;
SPE00120566;2011-09-26;316;138;0;;
SPE00120566;2011-09-27;314;164;0;;
SPE00120566;2011-09-28;298;154;0;;
SPE00120566;2011-09-29;292;141;0;;
SPE00120566;2011-09-30;285;152;0;;
SPE00120566;2011-10-01;280;151;0;;
SPE00120566;2011-10-02;281;145;0;;
SPE00120566;2011-10-03;303;119;0;;
SPE00120566;2011-10-04;309;117;0;;
SPE00120566;2011-10-05;323;111;0;;
SPE00120566;2011-10-06;326;114;0;;
SPE00120566;2011-10-07;242;138;0;;
SPE00120566;2011-10-08;242;91;0;;
SPE00120566;2011-10-09;257;81;0;;
SPE00120566;2011-10-10;297;90;0;;
SPE00120566;2011-10-11;319;99;0;;
SPE00120566;2011-10-12;331;107;0;;
SPE00120566;2011-10-13;331;112;0;;
SPE00120566;2011-10-14;316;105;0;;
SPE00120566;2011-10-15;284;134;0;;
SPE00120566;2011-10-16;283;128;0;;
SPE00120566;2011-10-17;254;117;0;;
SPE00120566;2011-10-18;262;96;0;;
SPE00120566;2011-10-19;265;83;0;;
SPE00120566;2011-10-20;218;88;0;;
SPE00120566;2011-10-21;233;41;0;;
SPE00120566;2011-10-22;246;110;0;;
SPE00120566;2011-10-23;230;118;2;;
SPE00120566;2011-10-24;190;103;36;;
SPE00120566;2011-10-25;170;73;2;;
SPE00120566;2011-10-26;168;81;120;;
SPE00120566;2011-10-27;176;98;7;;
SPE00120566;2011-10-28;200;93;0;;
SPE00120566;2011-10-29;206;68;0;;
SPE00120566;2011-10-30;236;79;0;;
SPE00120566;2011-10-31;230;84;0;;
SPE00120566;2011-11-01;224;131;5;;
SPE00120566;2011-11-02;196;134;65;;
SPE00120566;2011-11-03;179;99;116;;
SPE00120566;2011-11-04;127;83;80;;
SPE00120566;2011-11-05;137;74;12;;
SPE00120566;2011-11-06;155;84;0;;
SPE00120566;2011-11-07;152;100;0;;
SPE00120566;2011-11-08;165;75;0;;
SPE00120566;2011-11-09;151;58;4;;
SPE00120566;2011-11-10;193;98;0;;
SPE00120566;2011-11-11;224;118;0;;
SPE00120566;2011-11-12;226;109;0;;
SPE00120566;2011-11-13;188;128;0;;
SPE00120566;2011-11-14;167;88;44;;
SPE00120566;2011-11-15;145;68;4;;
SPE00120566;2011-11-16;150;59;0;;
SPE00120566;2011-11-17;170;42;0;;
SPE00120566;2011-11-18;178;87;0;;
SPE00120566;2011-11-19;149;101;32;;
SPE00120566;2011-11-20;144;92;2;;
SPE00120566;2011-11-21;169;94;10;;
SPE00120566;2011-11-22;112;83;50;;
SPE00120566;2011-11-23;184;79;0;;
SPE00120566;2011-11-24;171;62;0;;
SPE00120566;2011-11-25;171;29;0;;
SPE00120566;2011-11-26;157;20;0;;
SPE00120566;2011-11-27;164;8;0;;
SPE00120566;2011-11-28;156;20;0;;
SPE00120566;2011-11-29;165;9;0;;
SPE00120566;2011-11-30;149;9;0;;
SPE00120566;2011-12-01;136;8;14;;
SPE00120566;2011-12-02;110;49;44;;
SPE00120566;2011-12-03;124;14;0;;
SPE00120566;2011-12-04;129;9;0;;
SPE00120566;2011-12-05;159;32;0;;
SPE00120566;2011-12-06;171;48;0;;
SPE00120566;2011-12-07;123;8;0;;
SPE00120566;2011-12-08;87;12;0;;
SPE00120566;2011-12-09;74;3;0;;
SPE00120566;2011-12-10;45;26;60;;
SPE00120566;2011-12-11;107;38;0;;
SPE00120566;2011-12-12;112;51;0;;
SPE00120566;2011-12-13;130;60;0;;
SPE00120566;2011-12-14;151;81;0;;
SPE00120566;2011-12-15;125;44;0;;
SPE00120566;2011-12-16;142;62;2;;
SPE00120566;2011-12-17;117;27;0;;
SPE00120566;2011-12-18;114;1;0;;
SPE00120566;2011-12-19;105;-22;0;;
SPE00120566;2011-12-20;123;-18;0;;
SPE00120566;2011-12-21;178;9;0;;
SPE00120566;2011-12-22;174;7;0;;
SPE00120566;2011-12-23;147;-10;0;;
SPE00120566;2011-12-24;139;6;0;;
SPE00120566;2011-12-25;140;-22;0;;
SPE00120566;2011-12-26;127;-1;0;;
SPE00120566;2011-12-27;134;-18;0;;
SPE00120566;2011-12-28;126;-26;0;;
SPE00120566;2011-12-29;125;-8;0;;
SPE00120566;2011-12-30;123;-27;0;;
SPE00120566;2011-12-31;143;-18;0;;
SPE00120566;2012-01-01;136;-13;2;;
SPE00120566;2012-01-02;144;49;0;;
SPE00120566;2012-01-03;133;-7;0;;
SPE00120566;2012-01-04;168;-17;0;;
SPE00120566;2012-01-05;158;-7;0;;
SPE00120566;2012-01-06;188;40;0;;
SPE00120566;2012-01-07;155;8;0;;
SPE00120566;2012-01-08;143;-15;0;;
SPE00120566;2012-01-09;142;-38;0;;
SPE00120566;2012-01-10;121;7;0;;
SPE00120566;2012-01-11;131;-23;0;;
SPE00120566;2012-01-12;122;-4;0;;
SPE00120566;2012-01-13;108;13;0;;
SPE00120566;2012-01-14;119;-19;0;;
SPE00120566;2012-01-15;75;12;14;;
SPE00120566;2012-01-16;64;27;44;;
SPE00120566;2012-01-17;137;21;0;;
SPE00120566;2012-01-18;136;-14;0;;
SPE00120566;2012-01-19;151;-9;0;;
SPE00120566;2012-01-20;156;-4;0;;
SPE00120566;2012-01-21;159;4;0;;
SPE00120566;2012-01-22;164;7;0;;
SPE00120566;2012-01-23;156;6;0;;
SPE00120566;2012-01-24;155;0;0;;
SPE00120566;2012-01-25;161;-10;0;;
SPE00120566;2012-01-26;138;-11;0;;
SPE00120566;2012-01-27;87;27;36;;
SPE00120566;2012-01-28;124;22;0;;
SPE00120566;2012-01-29;118;5;0;;
SPE00120566;2012-01-30;118;-23;0;;
SPE00120566;2012-01-31;134;-33;0;;
SPE00120566;2012-02-01;126;-3;34;;
SPE00120566;2012-02-02;66;-21;0;;
SPE00120566;2012-02-03;59;-43;0;;
SPE00120566;2012-02-04;64;-50;0;;
SPE00120566;2012-02-05;138;-15;0;;
SPE00120566;2012-02-06;147;41;0;;
SPE00120566;2012-02-07;115;-5;0;;
SPE00120566;2012-02-08;64;-20;0;;
SPE00120566;2012-02-09;94;-56;0;;
SPE00120566;2012-02-10;120;-43;0;;
SPE00120566;2012-02-11;100;-48;0;;
SPE00120566;2012-02-12;87;-61;0;;
SPE00120566;2012-02-13;102;-61;0;;
SPE00120566;2012-02-14;113;-12;0;;
SPE00120566;2012-02-15;123;-30;0;;
SPE00120566;2012-02-16;133;-20;0;;
SPE00120566;2012-02-17;140;-26;0;;
SPE00120566;2012-02-18;150;-36;0;;
SPE00120566;2012-02-19;155;-24;0;;
SPE00120566;2012-02-20;135;-17;0;;
SPE00120566;2012-02-21;152;-47;0;;
SPE00120566;2012-02-22;159;-31;0;;
SPE00120566;2012-02-23;181;-47;0;;
SPE00120566;2012-02-24;205;-30;0;;
SPE00120566;2012-02-25;203;-12;0;;
SPE00120566;2012-02-26;218;62;0;;
SPE00120566;2012-02-27;214;44;0;;
SPE00120566;2012-02-28;217;23;0;;
SPE00120566;2012-02-29;220;33;0;;
SPE00120566;2012-03-01;218;34;0;;
SPE00120566;2012-03-02;116;65;26;;
SPE00120566;2012-03-03;162;48;0;;
SPE00120566;2012-03-04;185;83;0;;
SPE00120566;2012-03-05;158;40;0;;
SPE00120566;2012-03-06;157;11;0;;
SPE00120566;2012-03-07;159;-7;0;;
SPE00120566;2012-03-08;192;19;0;;
SPE00120566;2012-03-09;219;7;0;;
SPE00120566;2012-03-10;180;26;0;;
SPE00120566;2012-03-11;210;23;0;;
SPE00120566;2012-03-12;241;24;0;;
SPE00120566;2012-03-13;250;37;0;;
SPE00120566;2012-03-14;266;44;0;;
SPE00120566;2012-03-15;254;92;0;;
SPE00120566;2012-03-16;202;70;0;;
SPE00120566;2012-03-17;175;59;0;;
SPE00120566;2012-03-18;162;36;0;;
SPE00120566;2012-03-19;157;17;0;;
SPE00120566;2012-03-20;112;20;220;;
SPE00120566;2012-03-21;71;3;12;;
SPE00120566;2012-03-22;170;5;0;;
SPE00120566;2012-03-23;201;28;0;;
SPE00120566;2012-03-24;207;57;0;;
SPE00120566;2012-03-25;231;49;0;;
SPE00120566;2012-03-26;218;56;0;;
SPE00120566;2012-03-27;212;60;0;;
SPE00120566;2012-03-28;218;53;0;;
SPE00120566;2012-03-29;218;42;0;;
SPE00120566;2012-03-30;241;66;0;;
SPE00120566;2012-03-31;221;64;0;;
SPE00120566;2012-04-01;218;88;0;;
SPE00120566;2012-04-02;186;99;16;;
SPE00120566;2012-04-03;181;96;42;;
SPE00120566;2012-04-04;147;91;4;;
SPE00120566;2012-04-05;152;79;40;;
SPE00120566;2012-04-06;122;31;4;;
SPE00120566;2012-04-07;125;38;0;;
SPE00120566;2012-04-08;205;37;0;;
SPE00120566;2012-04-09;244;49;0;;
SPE00120566;2012-04-10;180;98;2;;
SPE00120566;2012-04-11;184;60;32;;
SPE00120566;2012-04-12;176;84;52;;
SPE00120566;2012-04-13;157;61;0;;
SPE00120566;2012-04-14;155;62;64;;
SPE00120566;2012-04-15;146;46;0;;
SPE00120566;2012-04-16;146;27;0;;
SPE00120566;2012-04-17;216;38;0;;
SPE00120566;2012-04-18;146;73;0;;
SPE00120566;2012-04-19;172;89;0;;
SPE00120566;2012-04-20;189;74;0;;
SPE00120566;2012-04-21;203;80;0;;
SPE00120566;2012-04-22;200;87;0;;
SPE00120566;2012-04-23;194;60;0;;
SPE00120566;2012-04-24;194;61;0;;
SPE00120566;2012-04-25;209;85;8;;
SPE00120566;2012-04-26;165;79;4;;
SPE00120566;2012-04-27;220;78;106;;
SPE00120566;2012-04-28;130;67;74;;
SPE00120566;2012-04-29;136;58;36;;
SPE00120566;2012-04-30;156;57;4;;
SPE00120566;2012-05-01;163;71;8;;
SPE00120566;2012-05-02;202;53;0;;
SPE00120566;2012-05-03;204;98;70;;
SPE00120566;2012-05-04;169;88;76;;
SPE00120566;2012-05-05;177;99;2;;
SPE00120566;2012-05-06;201;100;0;;
SPE00120566;2012-05-07;220;96;0;;
SPE00120566;2012-05-08;246;130;0;;
SPE00120566;2012-05-09;296;134;0;;
SPE00120566;2012-05-10;342;152;0;;
SPE00120566;2012-05-11;355;166;0;;
SPE00120566;2012-05-12;362;163;0;;
SPE00120566;2012-05-13;340;172;0;;
SPE00120566;2012-05-14;323;181;0;;
SPE00120566;2012-05-15;315;157;0;;
SPE00120566;2012-05-16;325;137;0;;
SPE00120566;2012-05-17;327;156;0;;
SPE00120566;2012-05-18;290;175;0;;
SPE00120566;2012-05-19;193;120;20;;
SPE00120566;2012-05-20;177;77;2;;
SPE00120566;2012-05-21;219;66;0;;
SPE00120566;2012-05-22;269;104;0;;
SPE00120566;2012-05-23;309;119;0;;
SPE00120566;2012-05-24;334;139;0;;
SPE00120566;2012-05-25;328;163;0;;
SPE00120566;2012-05-26;263;128;0;;
SPE00120566;2012-05-27;282;123;0;;
SPE00120566;2012-05-28;319;136;0;;
SPE00120566;2012-05-29;309;153;0;;
SPE00120566;2012-05-30;342;169;0;;
SPE00120566;2012-05-31;362;180;0;;
SPE00120566;2012-06-01;372;191;0;;
SPE00120566;2012-06-02;306;200;0;;
SPE00120566;2012-06-03;291;170;0;;
SPE00120566;2012-06-04;317;158;0;;
SPE00120566;2012-06-05;333;166;0;;
SPE00120566;2012-06-06;322;179;0;;
SPE00120566;2012-06-07;277;182;0;;
SPE00120566;2012-06-08;255;145;0;;
SPE00120566;2012-06-09;280;130;0;;
SPE00120566;2012-06-10;292;162;0;;
SPE00120566;2012-06-11;262;155;0;;
SPE00120566;2012-06-12;267;110;0;;
SPE00120566;2012-06-13;310;132;0;;
SPE00120566;2012-06-14;315;158;0;;
SPE00120566;2012-06-15;325;174;0;;
SPE00120566;2012-06-16;324;181;0;;
SPE00120566;2012-06-17;337;184;0;;
SPE00120566;2012-06-18;331;177;7;;
SPE00120566;2012-06-19;286;194;2;;
SPE00120566;2012-06-20;326;156;0;;
SPE00120566;2012-06-21;299;190;0;;
SPE00120566;2012-06-22;346;162;0;;
SPE00120566;2012-06-23;367;173;0;;
SPE00120566;2012-06-24;386;191;0;;
SPE00120566;2012-06-25;401;198;0;;
SPE00120566;2012-06-26;407;218;0;;
SPE00120566;2012-06-27;400;248;0;;
SPE00120566;2012-06-28;371;235;0;;
SPE00120566;2012-06-29;321;200;0;;
SPE00120566;2012-06-30;276;159;0;;
SPE00120566;2012-07-01;284;155;0;;
SPE00120566;2012-07-02;327;139;0;;
SPE00120566;2012-07-03;354;179;0;;
SPE00120566;2012-07-04;320;206;0;;
SPE00120566;2012-07-05;302;176;0;;
SPE00120566;2012-07-06;317;160;0;;
SPE00120566;2012-07-07;339;183;0;;
SPE00120566;2012-07-08;342;170;0;;
SPE00120566;2012-07-09;340;192;0;;
SPE00120566;2012-07-10;326;185;0;;
SPE00120566;2012-07-11;322;167;0;;
SPE00120566;2012-07-12;351;157;0;;
SPE00120566;2012-07-13;361;188;0;;
SPE00120566;2012-07-14;330;193;0;;
SPE00120566;2012-07-15;340;164;0;;
SPE00120566;2012-07-16;356;195;0;;
SPE00120566;2012-07-17;372;211;0;;
SPE00120566;2012-07-18;393;211;0;;
SPE00120566;2012-07-19;393;227;0;;
SPE00120566;2012-07-20;360;211;0;;
SPE00120566;2012-07-21;365;206;0;;
SPE00120566;2012-07-22;365;201;0;;
SPE00120566;2012-07-23;374;197;0;;
SPE00120566;2012-07-24;362;194;0;;
SPE00120566;2012-07-25;359;209;0;;
SPE00120566;2012-07-26;359;201;20;;
SPE00120566;2012-07-27;331;179;10;;
SPE00120566;2012-07-28;327;181;0;;
SPE00120566;2012-07-29;348;191;0;;
SPE00120566;2012-07-30;384;194;0;;
SPE00120566;2012-07-31;386;221;0;;
SPE00120566;2012-08-01;360;213;0;;
SPE00120566;2012-08-02;357;188;0;;
SPE00120566;2012-08-03;364;187;0;;
SPE00120566;2012-08-04;348;193;0;;
SPE00120566;2012-08-05;301;182;2;;
SPE00120566;2012-08-06;309;158;0;;
SPE00120566;2012-08-07;356;192;0;;
SPE00120566;2012-08-08;377;198;0;;
SPE00120566;2012-08-09;417;219;0;;
SPE00120566;2012-08-10;431;239;0;;
SPE00120566;2012-08-11;395;253;0;;
SPE00120566;2012-08-12;335;195;0;;
SPE00120566;2012-08-13;329;189;0;;
SPE00120566;2012-08-14;338;195;0;;
SPE00120566;2012-08-15;272;185;0;;
SPE00120566;2012-08-16;356;171;0;;
SPE00120566;2012-08-17;414;197;0;;
SPE00120566;2012-08-18;403;227;0;;
SPE00120566;2012-08-19;387;246;0;;
SPE00120566;2012-08-20;397;230;0;;
SPE00120566;2012-08-21;386;241;0;;
SPE00120566;2012-08-22;392;237;0;;
SPE00120566;2012-08-23;359;214;0;;
SPE00120566;2012-08-24;313;179;0;;
SPE00120566;2012-08-25;318;190;0;;
SPE00120566;2012-08-26;341;166;0;;
SPE00120566;2012-08-27;348;169;0;;
SPE00120566;2012-08-28;349;188;0;;
SPE00120566;2012-08-29;337;202;0;;
SPE00120566;2012-08-30;325;186;0;;
SPE00120566;2012-08-31;293;137;0;;
SPE00120566;2012-09-01;275;121;0;;
SPE00120566;2012-09-02;279;121;0;;
SPE00120566;2012-09-03;296;143;0;;
SPE00120566;2012-09-04;305;136;0;;
SPE00120566;2012-09-05;321;142;0;;
SPE00120566;2012-09-06;337;184;0;;
SPE00120566;2012-09-07;330;188;0;;
SPE00120566;2012-09-08;337;165;0;;
SPE00120566;2012-09-09;323;182;0;;
SPE00120566;2012-09-10;297;175;0;;
SPE00120566;2012-09-11;318;170;0;;
SPE00120566;2012-09-12;339;168;0;;
SPE00120566;2012-09-13;294;155;0;;
SPE00120566;2012-09-14;321;124;0;;
SPE00120566;2012-09-15;349;137;0;;
SPE00120566;2012-09-16;350;137;0;;
SPE00120566;2012-09-17;320;180;0;;
SPE00120566;2012-09-18;335;185;0;;
SPE00120566;2012-09-19;319;160;0;;
SPE00120566;2012-09-20;306;184;0;;
SPE00120566;2012-09-21;319;174;0;;
SPE00120566;2012-09-22;327;188;0;;
SPE00120566;2012-09-23;285;161;120;;
SPE00120566;2012-09-24;227;145;0;;
SPE00120566;2012-09-25;200;131;46;;
SPE00120566;2012-09-26;202;119;4;;
SPE00120566;2012-09-27;161;99;258;;
SPE00120566;2012-09-28;159;139;530;;
SPE00120566;2012-09-29;211;134;0;;
SPE00120566;2012-09-30;213;95;0;;
SPE00120566;2012-10-01;238;89;0;;
SPE00120566;2012-10-02;250;101;0;;
SPE00120566;2012-10-03;267;103;0;;
SPE00120566;2012-10-04;269;116;0;;
SPE00120566;2012-10-05;286;104;0;;
SPE00120566;2012-10-06;253;130;0;;
SPE00120566;2012-10-07;287;152;0;;
SPE00120566;2012-10-08;293;143;0;;
SPE00120566;2012-10-09;302;154;0;;
SPE00120566;2012-10-10;285;171;0;;
SPE00120566;2012-10-11;238;165;0;;
SPE00120566;2012-10-12;239;143;0;;
SPE00120566;2012-10-13;228;117;0;;
SPE00120566;2012-10-14;205;104;8;;
SPE00120566;2012-10-15;185;70;0;;
SPE00120566;2012-10-16;221;68;0;;
SPE00120566;2012-10-17;253;65;0;;
SPE00120566;2012-10-18;231;118;2;;
SPE00120566;2012-10-19;157;99;0;;
SPE00120566;2012-10-20;181;106;0;;
SPE00120566;2012-10-21;197;101;0;;
SPE00120566;2012-10-22;223;81;0;;
SPE00120566;2012-10-23;246;99;0;;
SPE00120566;2012-10-24;205;129;44;;
SPE00120566;2012-10-25;193;127;40;;
SPE00120566;2012-10-26;183;115;4;;
SPE00120566;2012-10-27;197;74;0;;
SPE00120566;2012-10-28;145;22;0;;
SPE00120566;2012-10-29;157;7;10;;
SPE00120566;2012-10-30;95;62;204;;
SPE00120566;2012-10-31;137;48;0;;
SPE00120566;2012-11-01;167;60;0;;
SPE00120566;2012-11-02;171;111;44;;
SPE00120566;2012-11-03;140;103;246;;
SPE00120566;2012-11-04;153;105;150;;
SPE00120566;2012-11-05;148;46;0;;
SPE00120566;2012-11-06;156;62;0;;
SPE00120566;2012-11-07;111;35;116;;
SPE00120566;2012-11-08;141;105;60;;
SPE00120566;2012-11-09;171;102;6;;
SPE00120566;2012-11-10;141;72;58;;
SPE00120566;2012-11-11;123;48;0;;
SPE00120566;2012-11-12;155;25;0;;
SPE00120566;2012-11-13;154;16;0;;
SPE00120566;2012-11-14;189;64;0;;
SPE00120566;2012-11-15;200;100;0;;
SPE00120566;2012-11-16;186;99;4;;
SPE00120566;2012-11-17;171;91;8;;
SPE00120566;2012-11-18;162;71;0;;
SPE00120566;2012-11-19;175;72;0;;
SPE00120566;2012-11-20;157;44;0;;
SPE00120566;2012-11-21;134;81;0;;
SPE00120566;2012-11-22;171;61;0;;
SPE00120566;2012-11-23;156;50;0;;
SPE00120566;2012-11-24;169;75;0;;
SPE00120566;2012-11-25;173;76;0;;
SPE00120566;2012-11-26;142;61;10;;
SPE00120566;2012-11-27;104;30;0;;
SPE00120566;2012-11-28;110;6;0;;
SPE00120566;2012-11-29;98;31;0;;
SPE00120566;2012-11-30;77;19;0;;
SPE00120566;2012-12-01;97;-14;0;;
SPE00120566;2012-12-02;109;-17;0;;
SPE00120566;2012-12-03;123;-24;0;;
SPE00120566;2012-12-04;124;15;0;;
SPE00120566;2012-12-05;119;14;0;;
SPE00120566;2012-12-06;100;3;8;;
SPE00120566;2012-12-07;91;41;6;;
SPE00120566;2012-12-08;140;29;0;;
SPE00120566;2012-12-09;122;-13;0;;
SPE00120566;2012-12-10;101;-16;0;;
SPE00120566;2012-12-11;115;-18;0;;
SPE00120566;2012-12-12;104;-22;0;;
SPE00120566;2012-12-13;99;-7;0;;
SPE00120566;2012-12-14;146;80;12;;
SPE00120566;2012-12-15;155;112;0;;
SPE00120566;2012-12-16;145;96;0;;
SPE00120566;2012-12-17;135;66;0;;
SPE00120566;2012-12-18;106;53;4;;
SPE00120566;2012-12-19;134;91;0;;
SPE00120566;2012-12-20;149;86;8;;
SPE00120566;2012-12-21;142;83;0;;
SPE00120566;2012-12-22;150;105;0;;
SPE00120566;2012-12-23;129;50;0;;
SPE00120566;2012-12-24;158;5;0;;
SPE00120566;2012-12-25;145;75;38;;
SPE00120566;2012-12-26;133;38;0;;
SPE00120566;2012-12-27;84;-14;0;;
SPE00120566;2012-12-28;116;-14;0;;
SPE00120566;2012-12-29;63;-16;0;;
SPE00120566;2012-12-30;100;40;0;;
SPE00120566;2012-12-31;66;23;24;;
SPE00120566;2013-01-01;109;35;0;;
SPE00120566;2013-01-02;129;2;0;;
SPE00120566;2013-01-03;125;4;0;;
SPE00120566;2013-01-04;129;-22;0;;
SPE00120566;2013-01-05;127;-25;0;;
SPE00120566;2013-01-06;118;-23;0;;
SPE00120566;2013-01-07;73;-13;0;;
SPE00120566;2013-01-08;60;28;0;;
SPE00120566;2013-01-09;72;4;0;;
SPE00120566;2013-01-10;146;60;0;;
SPE00120566;2013-01-11;112;60;4;;
SPE00120566;2013-01-12;134;64;2;;
SPE00120566;2013-01-13;95;28;0;;
SPE00120566;2013-01-14;108;14;0;;
SPE00120566;2013-01-15;112;7;0;;
SPE00120566;2013-01-16;99;48;46;;
SPE00120566;2013-01-17;126;52;0;;
SPE00120566;2013-01-18;149;108;60;;
SPE00120566;2013-01-19;127;61;40;;
SPE00120566;2013-01-20;81;23;8;;
SPE00120566;2013-01-21;105;30;0;;
SPE00120566;2013-01-22;62;21;64;;
SPE00120566;2013-01-23;91;15;0;;
SPE00120566;2013-01-24;141;52;0;;
SPE00120566;2013-01-25;106;41;4;;
SPE00120566;2013-01-26;180;73;0;;
SPE00120566;2013-01-27;103;48;24;;
SPE00120566;2013-01-28;127;22;0;;
SPE00120566;2013-01-29;137;-2;0;;
SPE00120566;2013-01-30;156;9;0;;
SPE00120566;2013-01-31;168;15;0;;
SPE00120566;2013-02-01;144;20;10;;
SPE00120566;2013-02-02;122;35;0;;
SPE00120566;2013-02-03;113;12;0;;
SPE00120566;2013-02-04;158;0;0;;
SPE00120566;2013-02-05;167;9;0;;
SPE00120566;2013-02-06;129;40;0;;
SPE00120566;2013-02-07;107;22;0;;
SPE00120566;2013-02-08;124;-12;0;;
SPE00120566;2013-02-09;117;3;0;;
SPE00120566;2013-02-10;130;8;14;;
SPE00120566;2013-02-11;97;26;0;;
SPE00120566;2013-02-12;116;11;0;;
SPE00120566;2013-02-13;169;30;0;;
SPE00120566;2013-02-14;174;16;0;;
SPE00120566;2013-02-15;171;11;0;;
SPE00120566;2013-02-16;149;9;0;;
SPE00120566;2013-02-17;114;34;6;;
SPE00120566;2013-02-18;153;45;20;;
SPE00120566;2013-02-19;126;65;14;;
SPE00120566;2013-02-20;151;81;0;;
SPE00120566;2013-02-21;132;61;34;;
SPE00120566;2013-02-22;129;57;88;;
SPE00120566;2013-02-23;77;5;0;;
SPE00120566;2013-02-24;97;-12;0;;
SPE00120566;2013-02-25;93;-19;0;;
SPE00120566;2013-02-26;113;-18;0;;
SPE00120566;2013-02-27;109;2;6;;
SPE00120566;2013-02-28;54;11;148;;
SPE00120566;2013-03-01;120;32;0;;
SPE00120566;2013-03-02;139;0;0;;
SPE00120566;2013-03-03;150;56;0;;
SPE00120566;2013-03-04;117;71;108;;
SPE00120566;2013-03-05;122;85;38;;
SPE00120566;2013-03-06;159;82;54;;
SPE00120566;2013-03-07;178;110;40;;
SPE00120566;2013-03-08;129;73;234;;
SPE00120566;2013-03-09;149;73;20;;
SPE00120566;2013-03-10;132;59;16;;
SPE00120566;2013-03-11;128;59;4;;
SPE00120566;2013-03-12;125;44;0;;
SPE00120566;2013-03-13;89;19;0;;
SPE00120566;2013-03-14;117;-7;0;;
SPE00120566;2013-03-15;152;27;0;;
SPE00120566;2013-03-16;128;65;28;;
SPE00120566;2013-03-17;140;60;16;;
SPE00120566;2013-03-18;135;35;0;;
SPE00120566;2013-03-19;139;26;40;;
SPE00120566;2013-03-20;150;64;0;;
SPE00120566;2013-03-21;186;31;0;;
SPE00120566;2013-03-22;147;72;14;;
SPE00120566;2013-03-23;156;55;84;;
SPE00120566;2013-03-24;133;65;0;;
SPE00120566;2013-03-25;139;60;10;;
SPE00120566;2013-03-26;166;100;124;;
SPE00120566;2013-03-27;155;91;38;;
SPE00120566;2013-03-28;170;100;0;;
SPE00120566;2013-03-29;186;95;2;;
SPE00120566;2013-03-30;174;99;0;;
SPE00120566;2013-03-31;142;96;254;;
SPE00120566;2013-04-01;153;68;14;;
SPE00120566;2013-04-02;154;55;0;;
SPE00120566;2013-04-03;152;39;80;;
SPE00120566;2013-04-04;146;62;54;;
SPE00120566;2013-04-05;113;44;2;;
SPE00120566;2013-04-06;126;29;0;;
SPE00120566;2013-04-07;147;12;0;;
SPE00120566;2013-04-08;148;83;0;;
SPE00120566;2013-04-09;155;65;2;;
SPE00120566;2013-04-10;172;102;0;;
SPE00120566;2013-04-11;176;104;2;;
SPE00120566;2013-04-12;175;65;0;;
SPE00120566;2013-04-13;231;40;0;;
SPE00120566;2013-04-14;273;87;0;;
SPE00120566;2013-04-15;246;103;0;;
SPE00120566;2013-04-16;265;117;0;;
SPE00120566;2013-04-17;291;109;0;;
SPE00120566;2013-04-18;280;130;0;;
SPE00120566;2013-04-19;211;82;0;;
SPE00120566;2013-04-20;206;28;0;;
SPE00120566;2013-04-21;225;46;0;;
SPE00120566;2013-04-22;215;94;0;;
SPE00120566;2013-04-23;219;63;0;;
SPE00120566;2013-04-24;225;85;0;;
SPE00120566;2013-04-25;217;70;0;;
SPE00120566;2013-04-26;214;121;52;;
SPE00120566;2013-04-27;137;59;8;;
SPE00120566;2013-04-28;91;43;108;;
SPE00120566;2013-04-29;145;33;48;;
SPE00120566;2013-04-30;147;59;0;;
SPE00120566;2013-05-01;171;76;0;;
SPE00120566;2013-05-02;202;51;0;;
SPE00120566;2013-05-03;213;57;0;;
SPE00120566;2013-05-04;231;60;0;;
SPE00120566;2013-05-05;255;87;0;;
SPE00120566;2013-05-06;252;99;0;;
SPE00120566;2013-05-07;255;133;0;;
SPE00120566;2013-05-08;261;158;0;;
SPE00120566;2013-05-09;253;149;0;;
SPE00120566;2013-05-10;264;133;0;;
SPE00120566;2013-05-11;265;116;0;;
SPE00120566;2013-05-12;268;92;0;;
SPE00120566;2013-05-13;281;111;0;;
SPE00120566;2013-05-14;258;122;10;;
SPE00120566;2013-05-15;152;73;4;;
SPE00120566;2013-05-16;174;60;10;;
SPE00120566;2013-05-17;117;59;120;;
SPE00120566;2013-05-18;160;52;0;;
SPE00120566;2013-05-19;165;54;0;;
SPE00120566;2013-05-20;174;47;0;;
SPE00120566;2013-05-21;210;51;0;;
SPE00120566;2013-05-22;245;88;0;;
SPE00120566;2013-05-23;259;87;0;;
SPE00120566;2013-05-24;260;100;0;;
SPE00120566;2013-05-25;276;102;0;;
SPE00120566;2013-05-26;259;90;0;;
SPE00120566;2013-05-27;210;104;0;;
SPE00120566;2013-05-28;218;96;0;;
SPE00120566;2013-05-29;206;76;86;;
SPE00120566;2013-05-30;218;69;0;;
SPE00120566;2013-05-31;232;109;0;;
SPE00120566;2013-06-01;253;72;0;;
SPE00120566;2013-06-02;263;91;0;;
SPE00120566;2013-06-03;281;99;0;;
SPE00120566;2013-06-04;304;108;0;;
SPE00120566;2013-06-05;313;146;60;;
SPE00120566;2013-06-06;263;145;0;;
SPE00120566;2013-06-07;195;100;0;;
SPE00120566;2013-06-08;202;90;52;;
SPE00120566;2013-06-09;225;120;0;;
SPE00120566;2013-06-10;255;119;0;;
SPE00120566;2013-06-11;286;126;0;;
SPE00120566;2013-06-12;335;170;0;;
SPE00120566;2013-06-13;345;199;0;;
SPE00120566;2013-06-14;344;193;0;;
SPE00120566;2013-06-15;352;185;0;;
SPE00120566;2013-06-16;357;169;0;;
SPE00120566;2013-06-17;253;138;0;;
SPE00120566;2013-06-18;207;99;0;;
SPE00120566;2013-06-19;229;126;0;;
SPE00120566;2013-06-20;283;123;0;;
SPE00120566;2013-06-21;304;161;0;;
SPE00120566;2013-06-22;330;135;0;;
SPE00120566;2013-06-23;343;187;0;;
SPE00120566;2013-06-24;332;140;0;;
SPE00120566;2013-06-25;343;144;0;;
SPE00120566;2013-06-26;350;161;0;;
SPE00120566;2013-06-27;338;173;0;;
SPE00120566;2013-06-28;335;164;0;;
SPE00120566;2013-06-29;330;165;0;;
SPE00120566;2013-06-30;352;176;0;;
SPE00120566;2013-07-01;363;180;0;;
SPE00120566;2013-07-02;348;199;0;;
SPE00120566;2013-07-03;367;190;0;;
SPE00120566;2013-07-04;370;208;0;;
SPE00120566;2013-07-05;382;224;0;;
SPE00120566;2013-07-06;373;212;0;;
SPE00120566;2013-07-07;386;211;0;;
SPE00120566;2013-07-08;394;209;0;;
SPE00120566;2013-07-09;390;214;0;;
SPE00120566;2013-07-10;369;193;0;;
SPE00120566;2013-07-11;372;197;0;;
SPE00120566;2013-07-12;374;190;0;;
SPE00120566;2013-07-13;351;203;0;;
SPE00120566;2013-07-14;344;186;0;;
SPE00120566;2013-07-15;350;197;0;;
SPE00120566;2013-07-16;358;185;0;;
SPE00120566;2013-07-17;356;190;0;;
SPE00120566;2013-07-18;363;188;0;;
SPE00120566;2013-07-19;375;183;0;;
SPE00120566;2013-07-20;366;201;0;;
SPE00120566;2013-07-21;351;202;0;;
SPE00120566;2013-07-22;351;169;0;;
SPE00120566;2013-07-23;353;217;0;;
SPE00120566;2013-07-24;368;200;0;;
SPE00120566;2013-07-25;372;218;0;;
SPE00120566;2013-07-26;358;207;0;;
SPE00120566;2013-07-27;255;190;0;;
SPE00120566;2013-07-28;265;176;0;;
SPE00120566;2013-07-29;312;143;0;;
SPE00120566;2013-07-30;366;146;0;;
SPE00120566;2013-07-31;393;199;0;;
SPE00120566;2013-08-01;403;195;0;;
SPE00120566;2013-08-02;353;223;0;;
SPE00120566;2013-08-03;354;184;0;;
SPE00120566;2013-08-04;376;178;0;;
SPE00120566;2013-08-05;367;180;0;;
SPE00120566;2013-08-06;329;207;0;;
SPE00120566;2013-08-07;312;195;0;;
SPE00120566;2013-08-08;309;149;0;;
SPE00120566;2013-08-09;349;159;0;;
SPE00120566;2013-08-10;379;176;0;;
SPE00120566;2013-08-11;395;203;0;;
SPE00120566;2013-08-12;377;212;0;;
SPE00120566;2013-08-13;369;189;0;;
SPE00120566;2013-08-14;374;209;0;;
SPE00120566;2013-08-15;377;208;0;;
SPE00120566;2013-08-16;366;216;0;;
SPE00120566;2013-08-17;366;181;0;;
SPE00120566;2013-08-18;371;198;0;;
SPE00120566;2013-08-19;389;203;0;;
SPE00120566;2013-08-20;393;206;0;;
SPE00120566;2013-08-21;389;216;0;;
SPE00120566;2013-08-22;355;212;0;;
SPE00120566;2013-08-23;364;192;0;;
SPE00120566;2013-08-24;358;186;0;;
SPE00120566;2013-08-25;342;179;0;;
SPE00120566;2013-08-26;334;179;0;;
SPE00120566;2013-08-27;327;178;0;;
SPE00120566;2013-08-28;297;170;98;;
SPE00120566;2013-08-29;277;150;0;;
SPE00120566;2013-08-30;299;151;0;;
SPE00120566;2013-08-31;321;154;0;;
SPE00120566;2013-09-01;331;146;0;;
SPE00120566;2013-09-02;337;172;0;;
SPE00120566;2013-09-03;348;166;0;;
SPE00120566;2013-09-04;334;175;0;;
SPE00120566;2013-09-05;309;169;6;;
SPE00120566;2013-09-06;299;174;0;;
SPE00120566;2013-09-07;287;164;0;;
SPE00120566;2013-09-08;291;175;0;;
SPE00120566;2013-09-09;310;133;0;;
SPE00120566;2013-09-10;319;126;0;;
SPE00120566;2013-09-11;271;161;0;;
SPE00120566;2013-09-12;304;116;0;;
SPE00120566;2013-09-13;322;120;0;;
SPE00120566;2013-09-14;319;138;0;;
SPE00120566;2013-09-15;325;165;0;;
SPE00120566;2013-09-16;320;145;0;;
SPE00120566;2013-09-17;318;166;0;;
SPE00120566;2013-09-18;314;146;0;;
SPE00120566;2013-09-19;312;147;0;;
SPE00120566;2013-09-20;310;137;0;;
SPE00120566;2013-09-21;311;148;0;;
SPE00120566;2013-09-22;327;168;0;;
SPE00120566;2013-09-23;335;167;0;;
SPE00120566;2013-09-24;330;162;0;;
SPE00120566;2013-09-25;321;168;0;;
SPE00120566;2013-09-26;330;158;0;;
SPE00120566;2013-09-27;272;199;0;;
SPE00120566;2013-09-28;242;145;48;;
SPE00120566;2013-09-29;193;146;10;;
SPE00120566;2013-09-30;199;158;174;;
SPE00120566;2013-10-01;252;171;0;;
SPE00120566;2013-10-02;273;146;0;;
SPE00120566;2013-10-03;262;177;36;;
SPE00120566;2013-10-04;241;153;22;;
SPE00120566;2013-10-05;255;123;0;;
SPE00120566;2013-10-06;251;111;0;;
SPE00120566;2013-10-07;256;103;0;;
SPE00120566;2013-10-08;260;85;0;;
SPE00120566;2013-10-09;264;101;0;;
SPE00120566;2013-10-10;266;97;0;;
SPE00120566;2013-10-11;252;101;0;;
SPE00120566;2013-10-12;233;78;0;;
SPE00120566;2013-10-13;185;115;0;;
SPE00120566;2013-10-14;232;79;0;;
SPE00120566;2013-10-15;231;141;0;;
SPE00120566;2013-10-16;251;124;0;;
SPE00120566;2013-10-17;275;103;0;;
SPE00120566;2013-10-18;269;104;0;;
SPE00120566;2013-10-19;227;153;22;;
SPE00120566;2013-10-20;217;124;0;;
SPE00120566;2013-10-21;231;94;0;;
SPE00120566;2013-10-22;173;137;168;;
SPE00120566;2013-10-23;202;131;16;;
SPE00120566;2013-10-24;207;141;362;;
SPE00120566;2013-10-25;195;135;92;;
SPE00120566;2013-10-26;208;128;0;;
SPE00120566;2013-10-27;225;101;0;;
SPE00120566;2013-10-28;214;92;0;;
SPE00120566;2013-10-29;165;67;0;;
SPE00120566;2013-10-30;169;44;0;;
SPE00120566;2013-10-31;180;25;0;;
SPE00120566;2013-11-01;178;31;0;;
SPE00120566;2013-11-02;196;82;0;;
SPE00120566;2013-11-03;201;104;0;;
SPE00120566;2013-11-04;162;94;0;;
SPE00120566;2013-11-05;226;134;0;;
SPE00120566;2013-11-06;240;104;0;;
SPE00120566;2013-11-07;179;110;0;;
SPE00120566;2013-11-08;179;104;0;;
SPE00120566;2013-11-09;170;78;0;;
SPE00120566;2013-11-10;197;67;0;;
SPE00120566;2013-11-11;226;74;0;;
SPE00120566;2013-11-12;223;80;0;;
SPE00120566;2013-11-13;199;82;0;;
SPE00120566;2013-11-14;184;49;0;;
SPE00120566;2013-11-15;135;31;0;;
SPE00120566;2013-11-16;96;-2;2;;
SPE00120566;2013-11-17;61;18;82;;
SPE00120566;2013-11-18;117;19;0;;
SPE00120566;2013-11-19;149;32;0;;
SPE00120566;2013-11-20;115;5;0;;
SPE00120566;2013-11-21;114;1;0;;
SPE00120566;2013-11-22;133;16;0;;
SPE00120566;2013-11-23;126;-8;0;;
SPE00120566;2013-11-24;137;-10;0;;
SPE00120566;2013-11-25;139;-16;0;;
SPE00120566;2013-11-26;129;-3;0;;
SPE00120566;2013-11-27;112;-2;0;;
SPE00120566;2013-11-28;99;4;0;;
SPE00120566;2013-11-29;120;-28;0;;
SPE00120566;2013-11-30;102;-25;0;;
SPE00120566;2013-12-01;135;-16;0;;
SPE00120566;2013-12-02;124;-27;0;;
SPE00120566;2013-12-03;145;-32;0;;
SPE00120566;2013-12-04;164;-1;0;;
SPE00120566;2013-12-05;171;-13;0;;
SPE00120566;2013-12-06;149;-21;0;;
SPE00120566;2013-12-07;154;-31;0;;
SPE00120566;2013-12-08;134;-46;0;;
SPE00120566;2013-12-09;124;-23;0;;
SPE00120566;2013-12-10;77;-24;0;;
SPE00120566;2013-12-11;148;5;0;;
SPE00120566;2013-12-12;127;-7;0;;
SPE00120566;2013-12-13;69;-6;34;;
SPE00120566;2013-12-14;143;13;0;;
SPE00120566;2013-12-15;140;2;0;;
SPE00120566;2013-12-16;155;2;0;;
SPE00120566;2013-12-17;112;23;0;;
SPE00120566;2013-12-18;100;34;6;;
SPE00120566;2013-12-19;116;53;74;;
SPE00120566;2013-12-20;117;12;0;;
SPE00120566;2013-12-21;99;-23;0;;
SPE00120566;2013-12-22;122;-9;0;;
SPE00120566;2013-12-23;124;-7;0;;
SPE00120566;2013-12-24;132;37;184;;
SPE00120566;2013-12-25;113;43;36;;
SPE00120566;2013-12-26;109;37;0;;
SPE00120566;2013-12-27;148;76;10;;
SPE00120566;2013-12-28;124;29;0;;
SPE00120566;2013-12-29;110;-1;0;;
SPE00120566;2013-12-30;97;-19;0;;
SPE00120566;2013-12-31;102;36;0;;
SPE00120566;2014-01-01;127;53;2;;
SPE00120566;2014-01-02;139;102;14;;
SPE00120566;2014-01-03;130;104;46;;
SPE00120566;2014-01-04;124;46;76;;
SPE00120566;2014-01-05;101;43;0;;
SPE00120566;2014-01-06;154;67;0;;
SPE00120566;2014-01-07;147;45;0;;
SPE00120566;2014-01-08;145;19;0;;
SPE00120566;2014-01-09;159;18;0;;
SPE00120566;2014-01-10;153;27;0;;
SPE00120566;2014-01-11;120;47;0;;
SPE00120566;2014-01-12;93;-7;30;;
SPE00120566;2014-01-13;117;56;0;;
SPE00120566;2014-01-14;130;61;0;;
SPE00120566;2014-01-15;120;55;8;;
SPE00120566;2014-01-16;109;44;2;;
SPE00120566;2014-01-17;128;41;56;;
SPE00120566;2014-01-18;93;56;12;;
SPE00120566;2014-01-19;88;35;44;;
SPE00120566;2014-01-20;106;30;0;;
SPE00120566;2014-01-21;103;23;46;;
SPE00120566;2014-01-22;137;54;74;;
SPE00120566;2014-01-23;132;25;0;;
SPE00120566;2014-01-24;134;24;0;;
SPE00120566;2014-01-25;178;62;0;;
SPE00120566;2014-01-26;156;59;0;;
SPE00120566;2014-01-27;131;54;0;;
SPE00120566;2014-01-28;99;33;8;;
SPE00120566;2014-01-29;99;44;8;;
SPE00120566;2014-01-30;123;8;0;;
SPE00120566;2014-01-31;130;69;0;;
SPE00120566;2014-02-01;132;27;18;;
SPE00120566;2014-02-02;118;-4;0;;
SPE00120566;2014-02-03;86;-3;18;;
SPE00120566;2014-02-04;101;25;84;;
SPE00120566;2014-02-05;127;83;2;;
SPE00120566;2014-02-06;177;72;34;;
SPE00120566;2014-02-07;108;47;2;;
SPE00120566;2014-02-08;128;55;10;;
SPE00120566;2014-02-09;117;27;254;;
SPE00120566;2014-02-10;102;34;0;;
SPE00120566;2014-02-11;71;30;28;;
SPE00120566;2014-02-12;108;45;18;;
SPE00120566;2014-02-13;176;78;4;;
SPE00120566;2014-02-14;178;117;22;;
SPE00120566;2014-02-15;126;70;4;;
SPE00120566;2014-02-16;128;42;0;;
SPE00120566;2014-02-17;134;3;0;;
SPE00120566;2014-02-18;135;47;0;;
SPE00120566;2014-02-19;154;9;0;;
SPE00120566;2014-02-20;120;26;4;;
SPE00120566;2014-02-21;139;48;0;;
SPE00120566;2014-02-22;128;14;0;;
SPE00120566;2014-02-23;178;4;4;;
SPE00120566;2014-02-24;131;59;0;;
SPE00120566;2014-02-25;127;49;0;;
SPE00120566;2014-02-26;128;42;6;;
SPE00120566;2014-02-27;114;36;0;;
SPE00120566;2014-02-28;149;66;2;;
SPE00120566;2014-03-01;137;68;30;;
SPE00120566;2014-03-02;168;107;0;;
SPE00120566;2014-03-03;127;69;0;;
SPE00120566;2014-03-04;144;43;0;;
SPE00120566;2014-03-05;195;80;0;;
SPE00120566;2014-03-06;218;39;0;;
SPE00120566;2014-03-07;199;55;0;;
SPE00120566;2014-03-08;219;42;0;;
SPE00120566;2014-03-09;193;63;0;;
SPE00120566;2014-03-10;190;28;0;;
SPE00120566;2014-03-11;209;26;0;;
SPE00120566;2014-03-12;182;52;0;;
SPE00120566;2014-03-13;152;39;0;;
SPE00120566;2014-03-14;171;25;0;;
SPE00120566;2014-03-15;207;23;0;;
SPE00120566;2014-03-16;229;46;0;;
SPE00120566;2014-03-17;247;41;0;;
SPE00120566;2014-03-18;245;64;0;;
SPE00120566;2014-03-19;233;98;0;;
SPE00120566;2014-03-20;233;87;0;;
SPE00120566;2014-03-21;204;102;2;;
SPE00120566;2014-03-22;173;71;0;;
SPE00120566;2014-03-23;164;24;0;;
SPE00120566;2014-03-24;155;22;0;;
SPE00120566;2014-03-25;152;40;22;;
SPE00120566;2014-03-26;151;37;0;;
SPE00120566;2014-03-27;151;17;0;;
SPE00120566;2014-03-28;171;40;0;;
SPE00120566;2014-03-29;118;77;302;;
SPE00120566;2014-03-30;157;71;2;;
SPE00120566;2014-03-31;184;84;0;;
SPE00120566;2014-04-01;209;123;0;;
SPE00120566;2014-04-02;153;82;28;;
SPE00120566;2014-04-03;152;62;0;;
SPE00120566;2014-04-04;153;57;18;;
SPE00120566;2014-04-05;215;103;0;;
SPE00120566;2014-04-06;250;114;0;;
SPE00120566;2014-04-07;278;99;0;;
SPE00120566;2014-04-08;277;114;0;;
SPE00120566;2014-04-09;286;122;86;;
SPE00120566;2014-04-10;296;135;0;;
SPE00120566;2014-04-11;270;135;0;;
SPE00120566;2014-04-12;257;107;0;;
SPE00120566;2014-04-13;258;102;0;;
SPE00120566;2014-04-14;270;106;0;;
SPE00120566;2014-04-15;276;118;0;;
SPE00120566;2014-04-16;281;108;0;;
SPE00120566;2014-04-17;294;125;0;;
SPE00120566;2014-04-18;295;114;0;;
SPE00120566;2014-04-19;222;114;0;;
SPE00120566;2014-04-20;203;97;46;;
SPE00120566;2014-04-21;152;100;42;;
SPE00120566;2014-04-22;192;83;0;;
SPE00120566;2014-04-23;213;106;6;;
SPE00120566;2014-04-24;174;78;44;;
SPE00120566;2014-04-25;182;48;0;;
SPE00120566;2014-04-26;184;87;0;;
SPE00120566;2014-04-27;222;77;0;;
SPE00120566;2014-04-28;255;97;0;;
SPE00120566;2014-04-29;262;106;0;;
SPE00120566;2014-04-30;267;127;0;;
SPE00120566;2014-05-01;276;111;0;;
SPE00120566;2014-05-02;262;134;0;;
SPE00120566;2014-05-03;252;72;0;;
SPE00120566;2014-05-04;275;81;0;;
SPE00120566;2014-05-05;306;91;0;;
SPE00120566;2014-05-06;304;121;0;;
SPE00120566;2014-05-07;284;149;0;;
SPE00120566;2014-05-08;305;137;0;;
SPE00120566;2014-05-09;321;156;0;;
SPE00120566;2014-05-10;325;153;0;;
SPE00120566;2014-05-11;310;178;0;;
SPE00120566;2014-05-12;306;117;0;;
SPE00120566;2014-05-13;264;126;0;;
SPE00120566;2014-05-14;277;90;0;;
SPE00120566;2014-05-15;287;124;0;;
SPE00120566;2014-05-16;281;138;0;;
SPE00120566;2014-05-17;276;114;0;;
SPE00120566;2014-05-18;283;116;0;;
SPE00120566;2014-05-19;251;123;0;;
SPE00120566;2014-05-20;207;110;24;;
SPE00120566;2014-05-21;198;80;6;;
SPE00120566;2014-05-22;181;80;4;;
SPE00120566;2014-05-23;217;104;0;;
SPE00120566;2014-05-24;239;95;0;;
SPE00120566;2014-05-25;237;124;0;;
SPE00120566;2014-05-26;245;91;0;;
SPE00120566;2014-05-27;250;138;0;;
SPE00120566;2014-05-28;239;135;0;;
SPE00120566;2014-05-29;260;106;0;;
SPE00120566;2014-05-30;267;123;0;;
SPE00120566;2014-05-31;234;118;4;;
SPE00120566;2014-06-01;270;108;0;;
SPE00120566;2014-06-02;291;124;0;;
SPE00120566;2014-06-03;306;129;0;;
SPE00120566;2014-06-04;287;149;0;;
SPE00120566;2014-06-05;292;138;0;;
SPE00120566;2014-06-06;312;155;0;;
SPE00120566;2014-06-07;277;151;0;;
SPE00120566;2014-06-08;309;132;0;;
SPE00120566;2014-06-09;296;154;0;;
SPE00120566;2014-06-10;304;145;0;;
SPE00120566;2014-06-11;325;173;88;;
SPE00120566;2014-06-12;343;172;0;;
SPE00120566;2014-06-13;362;193;0;;
SPE00120566;2014-06-14;359;195;0;;
SPE00120566;2014-06-15;308;150;0;;
SPE00120566;2014-06-16;284;138;0;;
SPE00120566;2014-06-17;304;138;0;;
SPE00120566;2014-06-18;325;157;0;;
SPE00120566;2014-06-19;330;191;0;;
SPE00120566;2014-06-20;317;201;0;;
SPE00120566;2014-06-21;293;169;0;;
SPE00120566;2014-06-22;294;164;0;;
SPE00120566;2014-06-23;312;164;18;;
SPE00120566;2014-06-24;250;155;0;;
SPE00120566;2014-06-25;293;157;4;;
SPE00120566;2014-06-26;305;178;0;;
SPE00120566;2014-06-27;326;167;0;;
SPE00120566;2014-06-28;315;184;0;;
SPE00120566;2014-06-29;298;164;0;;
SPE00120566;2014-06-30;322;141;0;;
SPE00120566;2014-07-01;280;165;0;;
SPE00120566;2014-07-02;279;135;0;;
SPE00120566;2014-07-03;247;127;184;;
SPE00120566;2014-07-04;306;130;0;;
SPE00120566;2014-07-05;327;174;0;;
SPE00120566;2014-07-06;260;175;0;;
SPE00120566;2014-07-07;291;170;0;;
SPE00120566;2014-07-08;325;157;0;;
SPE00120566;2014-07-09;317;172;0;;
SPE00120566;2014-07-10;309;137;0;;
SPE00120566;2014-07-11;318;155;0;;
SPE00120566;2014-07-12;336;159;0;;
SPE00120566;2014-07-13;356;179;0;;
SPE00120566;2014-07-14;372;213;0;;
SPE00120566;2014-07-15;380;209;0;;
SPE00120566;2014-07-16;406;216;0;;
SPE00120566;2014-07-17;399;223;0;;
SPE00120566;2014-07-18;370;216;0;;
SPE00120566;2014-07-19;241;168;0;;
SPE00120566;2014-07-20;287;149;0;;
SPE00120566;2014-07-21;327;161;0;;
SPE00120566;2014-07-22;362;174;0;;
SPE00120566;2014-07-23;376;185;0;;
SPE00120566;2014-07-24;361;221;0;;
SPE00120566;2014-07-25;357;202;0;;
SPE00120566;2014-07-26;372;192;0;;
SPE00120566;2014-07-27;378;204;0;;
SPE00120566;2014-07-28;365;220;0;;
SPE00120566;2014-07-29;321;198;0;;
SPE00120566;2014-07-30;347;172;0;;
SPE00120566;2014-07-31;363;189;0;;
SPE00120566;2014-08-01;287;204;0;;
SPE00120566;2014-08-02;285;165;0;;
SPE00120566;2014-08-03;311;171;0;;
SPE00120566;2014-08-04;336;187;0;;
SPE00120566;2014-08-05;350;197;0;;
SPE00120566;2014-08-06;359;206;0;;
SPE00120566;2014-08-07;366;219;0;;
SPE00120566;2014-08-08;354;216;0;;
SPE00120566;2014-08-09;346;203;0;;
SPE00120566;2014-08-10;341;194;0;;
SPE00120566;2014-08-11;343;197;0;;
SPE00120566;2014-08-12;350;211;0;;
SPE00120566;2014-08-13;308;199;0;;
SPE00120566;2014-08-14;317;158;0;;
SPE00120566;2014-08-15;341;158;0;;
SPE00120566;2014-08-16;333;180;0;;
SPE00120566;2014-08-17;352;188;0;;
SPE00120566;2014-08-18;350;209;0;;
SPE00120566;2014-08-19;339;217;0;;
SPE00120566;2014-08-20;326;184;0;;
SPE00120566;2014-08-21;325;176;0;;
SPE00120566;2014-08-22;308;189;0;;
SPE00120566;2014-08-23;331;158;0;;
SPE00120566;2014-08-24;345;170;0;;
SPE00120566;2014-08-25;365;187;0;;
SPE00120566;2014-08-26;356;193;0;;
SPE00120566;2014-08-27;366;203;0;;
SPE00120566;2014-08-28;362;203;0;;
SPE00120566;2014-08-29;344;208;0;;
SPE00120566;2014-08-30;352;212;0;;
SPE00120566;2014-08-31;361;216;0;;
SPE00120566;2014-09-01;374;203;0;;
SPE00120566;2014-09-02;394;200;6;;
SPE00120566;2014-09-03;347;223;0;;
SPE00120566;2014-09-04;323;176;0;;
SPE00120566;2014-09-05;336;192;0;;
SPE00120566;2014-09-06;294;205;0;;
SPE00120566;2014-09-07;294;183;6;;
SPE00120566;2014-09-08;309;166;0;;
SPE00120566;2014-09-09;331;165;0;;
SPE00120566;2014-09-10;327;171;0;;
SPE00120566;2014-09-11;287;164;0;;
SPE00120566;2014-09-12;307;177;0;;
SPE00120566;2014-09-13;311;189;0;;
SPE00120566;2014-09-14;304;176;30;;
SPE00120566;2014-09-15;279;145;0;;
SPE00120566;2014-09-16;287;153;32;;
SPE00120566;2014-09-17;273;159;14;;
SPE00120566;2014-09-18;252;159;24;;
SPE00120566;2014-09-19;242;153;32;;
SPE00120566;2014-09-20;271;142;0;;
SPE00120566;2014-09-21;288;146;56;;
SPE00120566;2014-09-22;246;153;8;;
SPE00120566;2014-09-23;243;138;348;;
SPE00120566;2014-09-24;232;139;4;;
SPE00120566;2014-09-25;245;112;0;;
SPE00120566;2014-09-26;262;109;0;;
SPE00120566;2014-09-27;253;155;36;;
SPE00120566;2014-09-28;219;147;12;;
SPE00120566;2014-09-29;256;130;0;;
SPE00120566;2014-09-30;278;123;0;;
SPE00120566;2014-10-01;267;154;0;;
SPE00120566;2014-10-02;278;154;0;;
SPE00120566;2014-10-03;286;157;0;;
SPE00120566;2014-10-04;277;139;0;;
SPE00120566;2014-10-05;265;136;0;;
SPE00120566;2014-10-06;246;131;0;;
SPE00120566;2014-10-07;248;149;0;;
SPE00120566;2014-10-08;262;146;22;;
SPE00120566;2014-10-09;227;155;86;;
SPE00120566;2014-10-10;218;151;44;;
SPE00120566;2014-10-11;236;139;200;;
SPE00120566;2014-10-12;199;134;16;;
SPE00120566;2014-10-13;191;116;158;;
SPE00120566;2014-10-14;175;97;0;;
SPE00120566;2014-10-15;198;111;0;;
SPE00120566;2014-10-16;226;167;0;;
SPE00120566;2014-10-17;257;123;0;;
SPE00120566;2014-10-18;289;125;0;;
SPE00120566;2014-10-19;293;139;0;;
SPE00120566;2014-10-20;281;145;0;;
SPE00120566;2014-10-21;298;116;0;;
SPE00120566;2014-10-22;269;139;0;;
SPE00120566;2014-10-23;268;83;0;;
SPE00120566;2014-10-24;279;114;0;;
SPE00120566;2014-10-25;277;121;0;;
SPE00120566;2014-10-26;276;109;0;;
SPE00120566;2014-10-27;261;89;0;;
SPE00120566;2014-10-28;251;96;0;;
SPE00120566;2014-10-29;261;119;0;;
SPE00120566;2014-10-30;267;89;0;;
SPE00120566;2014-10-31;262;107;0;;
SPE00120566;2014-11-01;239;85;0;;
SPE00120566;2014-11-02;218;76;2;;
SPE00120566;2014-11-03;181;102;168;;
SPE00120566;2014-11-04;138;70;2;;
SPE00120566;2014-11-05;150;43;0;;
SPE00120566;2014-11-06;157;52;0;;
SPE00120566;2014-11-07;194;111;0;;
SPE00120566;2014-11-08;153;90;82;;
SPE00120566;2014-11-09;139;57;2;;
SPE00120566;2014-11-10;145;22;66;;
SPE00120566;2014-11-11;133;76;52;;
SPE00120566;2014-11-12;164;94;0;;
SPE00120566;2014-11-13;192;110;102;;
SPE00120566;2014-11-14;155;85;78;;
SPE00120566;2014-11-15;137;60;6;;
SPE00120566;2014-11-16;127;74;0;;
SPE00120566;2014-11-17;154;68;0;;
SPE00120566;2014-11-18;143;24;0;;
SPE00120566;2014-11-19;174;54;0;;
SPE00120566;2014-11-20;190;90;0;;
SPE00120566;2014-11-21;168;95;0;;
SPE00120566;2014-11-22;178;94;0;;
SPE00120566;2014-11-23;187;127;20;;
SPE00120566;2014-11-24;193;114;0;;
SPE00120566;2014-11-25;178;92;66;;
SPE00120566;2014-11-26;151;82;12;;
SPE00120566;2014-11-27;134;80;8;;
SPE00120566;2014-11-28;109;80;42;;
SPE00120566;2014-11-29;119;63;26;;
SPE00120566;2014-11-30;135;75;12;;
SPE00120566;2014-12-01;166;85;0;;
SPE00120566;2014-12-02;154;49;0;;
SPE00120566;2014-12-03;119;52;0;;
SPE00120566;2014-12-04;122;54;0;;
SPE00120566;2014-12-05;129;46;0;;
SPE00120566;2014-12-06;120;18;0;;
SPE00120566;2014-12-07;126;6;0;;
SPE00120566;2014-12-08;123;-11;0;;
SPE00120566;2014-12-09;115;40;0;;
SPE00120566;2014-12-10;139;2;0;;
SPE00120566;2014-12-11;144;-4;0;;
SPE00120566;2014-12-12;138;-11;0;;
SPE00120566;2014-12-13;139;59;72;;
SPE00120566;2014-12-14;112;72;44;;
SPE00120566;2014-12-15;132;53;2;;
SPE00120566;2014-12-16;150;49;0;;
SPE00120566;2014-12-17;160;32;0;;
SPE00120566;2014-12-18;130;19;0;;
SPE00120566;2014-12-19;63;20;0;;
SPE00120566;2014-12-20;136;9;0;;
SPE00120566;2014-12-21;136;8;0;;
SPE00120566;2014-12-22;130;11;0;;
SPE00120566;2014-12-23;91;-4;0;;
SPE00120566;2014-12-24;61;-14;0;;
SPE00120566;2014-12-25;124;-24;0;;
SPE00120566;2014-12-26;129;7;0;;
SPE00120566;2014-12-27;99;-18;0;;
SPE00120566;2014-12-28;124;8;6;;
SPE00120566;2014-12-29;104;-18;0;;
SPE00120566;2014-12-30;103;-34;0;;
SPE00120566;2014-12-31;113;-53;0;;
SPE00120566;2015-01-01;124;-39;0;;
SPE00120566;2015-01-02;135;-36;0;;
SPE00120566;2015-01-03;141;-29;0;;
SPE00120566;2015-01-04;160;-21;0;;
SPE00120566;2015-01-05;153;-14;0;;
SPE00120566;2015-01-06;116;-29;0;;
SPE00120566;2015-01-07;118;-25;0;;
SPE00120566;2015-01-08;130;-32;0;;
SPE00120566;2015-01-09;159;-21;0;;
SPE00120566;2015-01-10;154;-24;0;;
SPE00120566;2015-01-11;159;-6;0;;
SPE00120566;2015-01-12;148;-7;0;;
SPE00120566;2015-01-13;149;-6;0;;
SPE00120566;2015-01-14;140;11;0;;
SPE00120566;2015-01-15;134;27;36;;
SPE00120566;2015-01-16;105;13;0;;
SPE00120566;2015-01-17;104;-13;2;;
SPE00120566;2015-01-18;47;7;100;;
SPE00120566;2015-01-19;94;13;0;;
SPE00120566;2015-01-20;68;2;0;;
SPE00120566;2015-01-21;72;-12;22;;
SPE00120566;2015-01-22;94;7;0;;
SPE00120566;2015-01-23;101;8;0;;
SPE00120566;2015-01-24;122;-20;0;;
SPE00120566;2015-01-25;166;27;0;;
SPE00120566;2015-01-26;166;15;0;;
SPE00120566;2015-01-27;146;6;0;;
SPE00120566;2015-01-28;158;10;0;;
SPE00120566;2015-01-29;139;14;0;;
SPE00120566;2015-01-30;159;117;54;;
SPE00120566;2015-01-31;134;30;2;;
SPE00120566;2015-02-01;97;5;0;;
SPE00120566;2015-02-02;83;37;28;;
SPE00120566;2015-02-03;110;40;6;;
SPE00120566;2015-02-04;60;2;0;;
SPE00120566;2015-02-05;69;3;0;;
SPE00120566;2015-02-06;74;-16;0;;
SPE00120566;2015-02-07;61;-37;0;;
SPE00120566;2015-02-08;106;-42;0;;
SPE00120566;2015-02-09;111;-29;0;;
SPE00120566;2015-02-10;126;-4;0;;
SPE00120566;2015-02-11;127;39;0;;
SPE00120566;2015-02-12;133;22;0;;
SPE00120566;2015-02-13;137;-13;0;;
SPE00120566;2015-02-14;134;73;26;;
SPE00120566;2015-02-15;157;78;0;;
SPE00120566;2015-02-16;140;46;124;;
SPE00120566;2015-02-17;126;37;0;;
SPE00120566;2015-02-18;130;36;0;;
SPE00120566;2015-02-19;134;18;0;;
SPE00120566;2015-02-20;126;-4;14;;
SPE00120566;2015-02-21;143;59;2;;
SPE00120566;2015-02-22;156;58;0;;
SPE00120566;2015-02-23;152;64;0;;
SPE00120566;2015-02-24;133;33;0;;
SPE00120566;2015-02-25;159;32;0;;
SPE00120566;2015-02-26;138;60;0;;
SPE00120566;2015-02-27;156;44;0;;
SPE00120566;2015-02-28;178;34;0;;
SPE00120566;2015-03-01;190;73;0;;
SPE00120566;2015-03-02;192;85;0;;
SPE00120566;2015-03-03;196;83;0;;
SPE00120566;2015-03-04;182;50;0;;
SPE00120566;2015-03-05;155;-10;0;;
SPE00120566;2015-03-06;205;-8;0;;
SPE00120566;2015-03-07;225;29;0;;
SPE00120566;2015-03-08;240;17;0;;
SPE00120566;2015-03-09;239;26;0;;
SPE00120566;2015-03-10;236;26;0;;
SPE00120566;2015-03-11;232;37;0;;
SPE00120566;2015-03-12;225;38;0;;
SPE00120566;2015-03-13;196;63;0;;
SPE00120566;2015-03-14;148;48;0;;
SPE00120566;2015-03-15;133;0;0;;
SPE00120566;2015-03-16;148;2;0;;
SPE00120566;2015-03-17;152;36;8;;
SPE00120566;2015-03-18;91;44;74;;
SPE00120566;2015-03-19;127;69;108;;
SPE00120566;2015-03-20;139;75;104;;
SPE00120566;2015-03-21;122;78;60;;
SPE00120566;2015-03-22;141;81;12;;
SPE00120566;2015-03-23;115;60;204;;
SPE00120566;2015-03-24;138;60;10;;
SPE00120566;2015-03-25;112;17;0;;
SPE00120566;2015-03-26;163;21;0;;
SPE00120566;2015-03-27;220;87;0;;
SPE00120566;2015-03-28;253;74;0;;
SPE00120566;2015-03-29;237;101;0;;
SPE00120566;2015-03-30;260;91;0;;
SPE00120566;2015-03-31;276;122;0;;
SPE00120566;2015-04-01;235;80;0;;
SPE00120566;2015-04-02;237;63;0;;
SPE00120566;2015-04-03;247;74;0;;
SPE00120566;2015-04-04;246;90;0;;
SPE00120566;2015-04-05;248;61;0;;
SPE00120566;2015-04-06;216;96;0;;
SPE00120566;2015-04-07;179;64;0;;
SPE00120566;2015-04-08;181;71;4;;
SPE00120566;2015-04-09;123;71;100;;
SPE00120566;2015-04-10;175;75;0;;
SPE00120566;2015-04-11;216;76;0;;
SPE00120566;2015-04-12;222;85;2;;
SPE00120566;2015-04-13;238;100;0;;
SPE00120566;2015-04-14;246;111;2;;
SPE00120566;2015-04-15;211;111;12;;
SPE00120566;2015-04-16;186;108;8;;
SPE00120566;2015-04-17;214;98;0;;
SPE00120566;2015-04-18;190;89;0;;
SPE00120566;2015-04-19;194;61;0;;
SPE00120566;2015-04-20;235;55;0;;
SPE00120566;2015-04-21;228;104;0;;
SPE00120566;2015-04-22;226;113;0;;
SPE00120566;2015-04-23;254;93;0;;
SPE00120566;2015-04-24;234;118;0;;
SPE00120566;2015-04-25;196;106;64;;
SPE00120566;2015-04-26;179;96;118;;
SPE00120566;2015-04-27;177;83;0;;
SPE00120566;2015-04-28;212;85;0;;
SPE00120566;2015-04-29;211;108;0;;
SPE00120566;2015-04-30;241;107;0;;
SPE00120566;2015-05-01;245;146;0;;
SPE00120566;2015-05-02;287;144;0;;
SPE00120566;2015-05-03;255;164;0;;
SPE00120566;2015-05-04;260;145;0;;
SPE00120566;2015-05-05;213;107;0;;
SPE00120566;2015-05-06;245;76;0;;
SPE00120566;2015-05-07;308;82;0;;
SPE00120566;2015-05-08;244;132;0;;
SPE00120566;2015-05-09;291;127;0;;
SPE00120566;2015-05-10;330;144;0;;
SPE00120566;2015-05-11;343;163;0;;
SPE00120566;2015-05-12;354;146;0;;
SPE00120566;2015-05-13;377;169;0;;
SPE00120566;2015-05-14;324;164;0;;
SPE00120566;2015-05-15;264;113;0;;
SPE00120566;2015-05-16;292;97;0;;
SPE00120566;2015-05-17;315;131;0;;
SPE00120566;2015-05-18;327;148;0;;
SPE00120566;2015-05-19;266;112;22;;
SPE00120566;2015-05-20;235;68;0;;
SPE00120566;2015-05-21;239;87;0;;
SPE00120566;2015-05-22;242;80;0;;
SPE00120566;2015-05-23;255;100;0;;
SPE00120566;2015-05-24;270;109;0;;
SPE00120566;2015-05-25;274;139;0;;
SPE00120566;2015-05-26;297;126;0;;
SPE00120566;2015-05-27;309;118;0;;
SPE00120566;2015-05-28;334;154;0;;
SPE00120566;2015-05-29;314;156;44;;
SPE00120566;2015-05-30;307;134;20;;
SPE00120566;2015-05-31;324;139;0;;
SPE00120566;2015-06-01;323;146;0;;
SPE00120566;2015-06-02;339;183;0;;
SPE00120566;2015-06-03;349;186;0;;
SPE00120566;2015-06-04;327;177;0;;
SPE00120566;2015-06-05;337;171;0;;
SPE00120566;2015-06-06;349;179;0;;
SPE00120566;2015-06-07;347;183;0;;
SPE00120566;2015-06-08;343;174;0;;
SPE00120566;2015-06-09;336;173;14;;
SPE00120566;2015-06-10;301;169;0;;
SPE00120566;2015-06-11;246;146;68;;
SPE00120566;2015-06-12;243;135;0;;
SPE00120566;2015-06-13;232;139;0;;
SPE00120566;2015-06-14;233;115;52;;
SPE00120566;2015-06-15;217;115;36;;
SPE00120566;2015-06-16;273;112;0;;
SPE00120566;2015-06-17;295;137;0;;
SPE00120566;2015-06-18;320;144;0;;
SPE00120566;2015-06-19;346;162;0;;
SPE00120566;2015-06-20;359;179;0;;
SPE00120566;2015-06-21;372;190;0;;
SPE00120566;2015-06-22;349;225;0;;
SPE00120566;2015-06-23;314;193;4;;
SPE00120566;2015-06-24;328;162;0;;
SPE00120566;2015-06-25;349;173;0;;
SPE00120566;2015-06-26;372;189;0;;
SPE00120566;2015-06-27;392;216;0;;
SPE00120566;2015-06-28;407;226;0;;
SPE00120566;2015-06-29;420;219;0;;
SPE00120566;2015-06-30;408;237;0;;
SPE00120566;2015-07-01;388;229;0;;
SPE00120566;2015-07-02;368;205;0;;
SPE00120566;2015-07-03;392;216;0;;
SPE00120566;2015-07-04;395;214;0;;
SPE00120566;2015-07-05;399;225;0;;
SPE00120566;2015-07-06;428;220;0;;
SPE00120566;2015-07-07;408;254;0;;
SPE00120566;2015-07-08;400;229;0;;
SPE00120566;2015-07-09;409;208;0;;
SPE00120566;2015-07-10;381;242;0;;
SPE00120566;2015-07-11;379;211;0;;
SPE00120566;2015-07-12;388;218;0;;
SPE00120566;2015-07-13;402;223;0;;
SPE00120566;2015-07-14;414;217;0;;
SPE00120566;2015-07-15;414;220;0;;
SPE00120566;2015-07-16;407;238;0;;
SPE00120566;2015-07-17;375;244;10;;
SPE00120566;2015-07-18;354;214;0;;
SPE00120566;2015-07-19;358;224;0;;
SPE00120566;2015-07-20;390;230;0;;
SPE00120566;2015-07-21;384;249;0;;
SPE00120566;2015-07-22;374;236;0;;
SPE00120566;2015-07-23;386;214;0;;
SPE00120566;2015-07-24;347;215;0;;
SPE00120566;2015-07-25;358;208;0;;
SPE00120566;2015-07-26;379;209;0;;
SPE00120566;2015-07-27;386;228;0;;
SPE00120566;2015-07-28;393;232;0;;
SPE00120566;2015-07-29;379;235;0;;
SPE00120566;2015-07-30;357;225;0;;
SPE00120566;2015-07-31;331;183;22;;
SPE00120566;2015-08-01;341;170;0;;
SPE00120566;2015-08-02;385;204;0;;
SPE00120566;2015-08-03;387;226;0;;
SPE00120566;2015-08-04;374;230;0;;
SPE00120566;2015-08-05;390;220;0;;
SPE00120566;2015-08-06;392;195;0;;
SPE00120566;2015-08-07;377;220;0;;
SPE00120566;2015-08-08;363;236;0;;
SPE00120566;2015-08-09;370;176;0;;
SPE00120566;2015-08-10;377;191;0;;
SPE00120566;2015-08-11;353;247;0;;
SPE00120566;2015-08-12;350;215;0;;
SPE00120566;2015-08-13;288;165;0;;
SPE00120566;2015-08-14;287;155;0;;
SPE00120566;2015-08-15;298;179;0;;
SPE00120566;2015-08-16;322;159;0;;
SPE00120566;2015-08-17;325;206;0;;
SPE00120566;2015-08-18;342;185;0;;
SPE00120566;2015-08-19;347;207;0;;
SPE00120566;2015-08-20;371;212;0;;
SPE00120566;2015-08-21;358;219;0;;
SPE00120566;2015-08-22;328;193;0;;
SPE00120566;2015-08-23;263;184;0;;
SPE00120566;2015-08-24;257;151;0;;
SPE00120566;2015-08-25;318;130;0;;
SPE00120566;2015-08-26;346;178;0;;
SPE00120566;2015-08-27;334;197;0;;
SPE00120566;2015-08-28;374;187;0;;
SPE00120566;2015-08-29;373;218;0;;
SPE00120566;2015-08-30;372;214;36;;
SPE00120566;2015-08-31;301;185;0;;
SPE00120566;2015-09-01;316;177;0;;
SPE00120566;2015-09-02;329;176;0;;
SPE00120566;2015-09-03;274;163;0;;
SPE00120566;2015-09-04;281;170;4;;
SPE00120566;2015-09-05;283;146;0;;
SPE00120566;2015-09-06;291;176;14;;
SPE00120566;2015-09-07;261;160;0;;
SPE00120566;2015-09-08;305;128;0;;
SPE00120566;2015-09-09;305;142;0;;
SPE00120566;2015-09-10;300;182;0;;
SPE00120566;2015-09-11;323;168;0;;
SPE00120566;2015-09-12;307;189;0;;
SPE00120566;2015-09-13;259;170;0;;
SPE00120566;2015-09-14;250;141;0;;
SPE00120566;2015-09-15;213;151;0;;
SPE00120566;2015-09-16;249;151;140;;
SPE00120566;2015-09-17;216;103;0;;
SPE00120566;2015-09-18;249;95;0;;
SPE00120566;2015-09-19;282;129;0;;
SPE00120566;2015-09-20;299;112;0;;
SPE00120566;2015-09-21;309;130;0;;
SPE00120566;2015-09-22;293;149;0;;
SPE00120566;2015-09-23;283;148;0;;
SPE00120566;2015-09-24;286;119;0;;
SPE00120566;2015-09-25;311;114;0;;
SPE00120566;2015-09-26;314;139;0;;
SPE00120566;2015-09-27;311;154;0;;
SPE00120566;2015-09-28;266;137;0;;
SPE00120566;2015-09-29;253;115;0;;
SPE00120566;2015-09-30;255;124;0;;
SPE00120566;2015-10-01;269;110;0;;
SPE00120566;2015-10-02;267;134;0;;
SPE00120566;2015-10-03;267;167;0;;
SPE00120566;2015-10-04;243;186;18;;
SPE00120566;2015-10-05;252;169;20;;
SPE00120566;2015-10-06;222;142;0;;
SPE00120566;2015-10-07;226;110;0;;
SPE00120566;2015-10-08;242;90;0;;
SPE00120566;2015-10-09;250;106;0;;
SPE00120566;2015-10-10;241;96;0;;
SPE00120566;2015-10-11;239;143;2;;
SPE00120566;2015-10-12;232;161;14;;
SPE00120566;2015-10-13;220;99;2;;
SPE00120566;2015-10-14;201;68;0;;
SPE00120566;2015-10-15;225;44;0;;
SPE00120566;2015-10-16;247;77;0;;
SPE00120566;2015-10-17;245;121;22;;
SPE00120566;2015-10-18;210;142;84;;
SPE00120566;2015-10-19;225;147;22;;
SPE00120566;2015-10-20;218;106;0;;
SPE00120566;2015-10-21;179;70;0;;
SPE00120566;2015-10-22;221;48;0;;
SPE00120566;2015-10-23;218;76;0;;
SPE00120566;2015-10-24;218;101;0;;
SPE00120566;2015-10-25;235;105;0;;
SPE00120566;2015-10-26;182;135;12;;
SPE00120566;2015-10-27;170;102;24;;
SPE00120566;2015-10-28;175;99;0;;
SPE00120566;2015-10-29;202;119;0;;
SPE00120566;2015-10-30;235;88;0;;
SPE00120566;2015-10-31;237;122;0;;
SPE00120566;2015-11-01;188;121;200;;
SPE00120566;2015-11-02;166;111;30;;
SPE00120566;2015-11-03;163;106;12;;
SPE00120566;2015-11-04;188;108;2;;
SPE00120566;2015-11-05;201;121;0;;
SPE00120566;2015-11-06;225;103;0;;
SPE00120566;2015-11-07;242;107;0;;
SPE00120566;2015-11-08;243;103;0;;
SPE00120566;2015-11-09;227;79;0;;
SPE00120566;2015-11-10;231;54;0;;
SPE00120566;2015-11-11;225;43;0;;
SPE00120566;2015-11-12;223;47;0;;
SPE00120566;2015-11-13;221;42;0;;
SPE00120566;2015-11-14;189;57;0;;
SPE00120566;2015-11-15;206;39;0;;
SPE00120566;2015-11-16;187;34;0;;
SPE00120566;2015-11-17;165;35;0;;
SPE00120566;2015-11-18;191;12;0;;
SPE00120566;2015-11-19;216;43;0;;
SPE00120566;2015-11-20;193;52;0;;
SPE00120566;2015-11-21;157;47;10;;
SPE00120566;2015-11-22;100;17;8;;
SPE00120566;2015-11-23;123;6;0;;
SPE00120566;2015-11-24;134;7;0;;
SPE00120566;2015-11-25;163;64;0;;
SPE00120566;2015-11-26;179;68;0;;
SPE00120566;2015-11-27;183;70;0;;
SPE00120566;2015-11-28;178;27;0;;
SPE00120566;2015-11-29;151;-8;0;;
SPE00120566;2015-11-30;169;-25;0;;
SPE00120566;2015-12-01;158;-16;0;;
SPE00120566;2015-12-02;169;10;0;;
SPE00120566;2015-12-03;187;14;0;;
SPE00120566;2015-12-04;175;19;0;;
SPE00120566;2015-12-05;209;39;0;;
SPE00120566;2015-12-06;165;18;0;;
SPE00120566;2015-12-07;138;42;0;;
SPE00120566;2015-12-08;159;56;0;;
SPE00120566;2015-12-09;161;37;0;;
SPE00120566;2015-12-10;149;45;0;;
SPE00120566;2015-12-11;143;56;0;;
SPE00120566;2015-12-12;121;25;0;;
SPE00120566;2015-12-13;148;23;0;;
SPE00120566;2015-12-14;167;83;0;;
SPE00120566;2015-12-15;192;76;0;;
SPE00120566;2015-12-16;143;34;0;;
SPE00120566;2015-12-17;163;27;0;;
SPE00120566;2015-12-18;189;42;0;;
SPE00120566;2015-12-19;185;18;0;;
SPE00120566;2015-12-20;146;18;0;;
SPE00120566;2015-12-21;138;35;0;;
SPE00120566;2015-12-22;170;8;0;;
SPE00120566;2015-12-23;151;0;0;;
SPE00120566;2015-12-24;139;17;0;;
SPE00120566;2015-12-25;130;1;0;;
SPE00120566;2015-12-26;134;18;0;;
SPE00120566;2015-12-27;154;11;0;;
SPE00120566;2015-12-28;159;70;28;;
SPE00120566;2015-12-29;124;64;0;;
SPE00120566;2015-12-30;142;50;8;;
SPE00120566;2015-12-31;128;85;0;;
SPE00120566;2016-01-01;179;83;106;;
SPE00120566;2016-01-02;130;55;0;;
SPE00120566;2016-01-03;142;54;6;;
SPE00120566;2016-01-04;158;69;116;;
SPE00120566;2016-01-05;104;31;0;;
SPE00120566;2016-01-06;113;24;2;;
SPE00120566;2016-01-07;172;111;0;;
SPE00120566;2016-01-08;161;121;70;;
SPE00120566;2016-01-09;137;102;6;;
SPE00120566;2016-01-10;157;106;18;;
SPE00120566;2016-01-11;142;66;2;;
SPE00120566;2016-01-12;116;26;0;;
SPE00120566;2016-01-13;132;10;0;;
SPE00120566;2016-01-14;109;29;12;;
SPE00120566;2016-01-15;120;18;2;;
SPE00120566;2016-01-16;107;-6;0;;
SPE00120566;2016-01-17;86;-30;0;;
SPE00120566;2016-01-18;113;28;0;;
SPE00120566;2016-01-19;101;23;6;;
SPE00120566;2016-01-20;107;22;0;;
SPE00120566;2016-01-21;112;24;2;;
SPE00120566;2016-01-22;149;87;2;;
SPE00120566;2016-01-23;166;88;0;;
SPE00120566;2016-01-24;207;48;0;;
SPE00120566;2016-01-25;174;58;0;;
SPE00120566;2016-01-26;148;71;0;;
SPE00120566;2016-01-27;132;63;0;;
SPE00120566;2016-01-28;96;66;52;;
SPE00120566;2016-01-29;122;71;24;;
SPE00120566;2016-01-30;142;40;0;;
SPE00120566;2016-01-31;173;52;0;;
SPE00120566;2016-02-01;181;31;0;;
SPE00120566;2016-02-02;156;29;0;;
SPE00120566;2016-02-03;167;48;0;;
SPE00120566;2016-02-04;142;17;0;;
SPE00120566;2016-02-05;120;2;0;;
SPE00120566;2016-02-06;140;11;16;;
SPE00120566;2016-02-07;120;60;0;;
SPE00120566;2016-02-08;120;74;0;;
SPE00120566;2016-02-09;140;105;0;;
SPE00120566;2016-02-10;172;101;0;;
SPE00120566;2016-02-11;174;116;20;;
SPE00120566;2016-02-12;154;99;22;;
SPE00120566;2016-02-13;162;130;2;;
SPE00120566;2016-02-14;133;39;18;;
SPE00120566;2016-02-15;123;18;0;;
SPE00120566;2016-02-16;110;-16;0;;
SPE00120566;2016-02-17;111;-29;14;;
SPE00120566;2016-02-18;112;44;4;;
SPE00120566;2016-02-19;132;11;0;;
SPE00120566;2016-02-20;164;-7;0;;
SPE00120566;2016-02-21;161;7;0;;
SPE00120566;2016-02-22;176;22;0;;
SPE00120566;2016-02-23;173;35;0;;
SPE00120566;2016-02-24;138;32;24;;
SPE00120566;2016-02-25;153;68;0;;
SPE00120566;2016-02-26;107;33;44;;
SPE00120566;2016-02-27;111;30;0;;
SPE00120566;2016-02-28;119;39;0;;
SPE00120566;2016-02-29;142;41;0;;
SPE00120566;2016-03-01;185;1;0;;
SPE00120566;2016-03-02;206;18;0;;
SPE00120566;2016-03-03;178;60;0;;
SPE00120566;2016-03-04;184;15;0;;
SPE00120566;2016-03-05;132;23;0;;
SPE00120566;2016-03-06;139;3;2;;
SPE00120566;2016-03-07;123;27;34;;
SPE00120566;2016-03-08;146;20;0;;
SPE00120566;2016-03-09;150;17;0;;
SPE00120566;2016-03-10;140;32;0;;
SPE00120566;2016-03-11;155;11;0;;
SPE00120566;2016-03-12;156;-8;0;;
SPE00120566;2016-03-13;172;-7;0;;
SPE00120566;2016-03-14;164;14;0;;
SPE00120566;2016-03-15;179;4;0;;
SPE00120566;2016-03-16;176;40;0;;
SPE00120566;2016-03-17;189;20;0;;
SPE00120566;2016-03-18;166;49;170;;
SPE00120566;2016-03-19;148;66;10;;
SPE00120566;2016-03-20;153;36;6;;
SPE00120566;2016-03-21;163;41;66;;
SPE00120566;2016-03-22;152;65;4;;
SPE00120566;2016-03-23;154;56;0;;
SPE00120566;2016-03-24;200;12;0;;
SPE00120566;2016-03-25;193;49;0;;
SPE00120566;2016-03-26;180;64;10;;
SPE00120566;2016-03-27;166;83;0;;
SPE00120566;2016-03-28;160;82;0;;
SPE00120566;2016-03-29;205;90;0;;
SPE00120566;2016-03-30;257;57;0;;
SPE00120566;2016-03-31;124;49;0;;
SPE00120566;2016-04-01;161;8;0;;
SPE00120566;2016-04-02;201;10;0;;
SPE00120566;2016-04-03;155;82;70;;
SPE00120566;2016-04-04;120;79;208;;
SPE00120566;2016-04-05;174;69;4;;
SPE00120566;2016-04-06;207;42;0;;
SPE00120566;2016-04-07;218;51;0;;
SPE00120566;2016-04-08;161;53;0;;
SPE00120566;2016-04-09;192;36;0;;
SPE00120566;2016-04-10;160;65;26;;
SPE00120566;2016-04-11;171;60;18;;
SPE00120566;2016-04-12;159;86;66;;
SPE00120566;2016-04-13;173;77;0;;
SPE00120566;2016-04-14;217;89;0;;
SPE00120566;2016-04-15;207;99;44;;
SPE00120566;2016-04-16;187;108;66;;
SPE00120566;2016-04-17;180;88;2;;
SPE00120566;2016-04-18;239;58;0;;
SPE00120566;2016-04-19;153;109;236;;
SPE00120566;2016-04-20;175;87;80;;
SPE00120566;2016-04-21;192;78;4;;
SPE00120566;2016-04-22;189;105;0;;
SPE00120566;2016-04-23;211;84;0;;
SPE00120566;2016-04-24;216;65;0;;
SPE00120566;2016-04-25;221;60;0;;
SPE00120566;2016-04-26;237;71;0;;
SPE00120566;2016-04-27;243;120;0;;
SPE00120566;2016-04-28;218;104;12;;
SPE00120566;2016-04-29;213;105;0;;
SPE00120566;2016-04-30;217;92;0;;
SPE00120566;2016-05-01;194;38;0;;
SPE00120566;2016-05-02;250;39;0;;
SPE00120566;2016-05-03;280;77;0;;
SPE00120566;2016-05-04;302;97;0;;
SPE00120566;2016-05-05;199;133;6;;
SPE00120566;2016-05-06;194;114;28;;
SPE00120566;2016-05-07;189;105;0;;
SPE00120566;2016-05-08;158;96;86;;
SPE00120566;2016-05-09;172;105;100;;
SPE00120566;2016-05-10;152;82;72;;
SPE00120566;2016-05-11;183;69;62;;
SPE00120566;2016-05-12;162;87;32;;
SPE00120566;2016-05-13;181;86;8;;
SPE00120566;2016-05-14;203;81;0;;
SPE00120566;2016-05-15;235;124;0;;
SPE00120566;2016-05-16;249;103;0;;
SPE00120566;2016-05-17;261;101;0;;
SPE00120566;2016-05-18;270;128;0;;
SPE00120566;2016-05-19;273;135;0;;
SPE00120566;2016-05-20;300;118;0;;
SPE00120566;2016-05-21;310;147;0;;
SPE00120566;2016-05-22;241;127;0;;
SPE00120566;2016-05-23;259;88;0;;
SPE00120566;2016-05-24;282;122;0;;
SPE00120566;2016-05-25;228;141;0;;
SPE00120566;2016-05-26;264;134;0;;
SPE00120566;2016-05-27;266;131;0;;
SPE00120566;2016-05-28;219;117;36;;
SPE00120566;2016-05-29;215;113;0;;
SPE00120566;2016-05-30;240;105;0;;
SPE00120566;2016-05-31;262;100;0;;
SPE00120566;2016-06-01;286;98;0;;
SPE00120566;2016-06-02;305;110;0;;
SPE00120566;2016-06-03;307;153;0;;
SPE00120566;2016-06-04;275;138;0;;
SPE00120566;2016-06-05;306;131;0;;
SPE00120566;2016-06-06;315;159;0;;
SPE00120566;2016-06-07;345;164;0;;
SPE00120566;2016-06-08;359;164;0;;
SPE00120566;2016-06-09;364;189;0;;
SPE00120566;2016-06-10;305;188;0;;
SPE00120566;2016-06-11;320;169;0;;
SPE00120566;2016-06-12;331;182;0;;
SPE00120566;2016-06-13;337;193;0;;
SPE00120566;2016-06-14;303;154;0;;
SPE00120566;2016-06-15;215;137;0;;
SPE00120566;2016-06-16;224;109;20;;
SPE00120566;2016-06-17;252;102;0;;
SPE00120566;2016-06-18;272;131;0;;
SPE00120566;2016-06-19;305;110;0;;
SPE00120566;2016-06-20;340;156;0;;
SPE00120566;2016-06-21;355;185;0;;
SPE00120566;2016-06-22;372;192;0;;
SPE00120566;2016-06-23;351;185;0;;
SPE00120566;2016-06-24;365;185;0;;
SPE00120566;2016-06-25;357;177;0;;
SPE00120566;2016-06-26;347;171;0;;
SPE00120566;2016-06-27;366;189;0;;
SPE00120566;2016-06-28;365;206;0;;
SPE00120566;2016-06-29;360;201;0;;
SPE00120566;2016-06-30;347;205;0;;
SPE00120566;2016-07-01;354;202;0;;
SPE00120566;2016-07-02;375;206;0;;
SPE00120566;2016-07-03;383;200;0;;
SPE00120566;2016-07-04;358;209;0;;
SPE00120566;2016-07-05;376;192;6;;
SPE00120566;2016-07-06;371;199;4;;
SPE00120566;2016-07-07;329;213;0;;
SPE00120566;2016-07-08;360;203;0;;
SPE00120566;2016-07-09;384;215;0;;
SPE00120566;2016-07-10;400;231;0;;
SPE00120566;2016-07-11;378;246;0;;
SPE00120566;2016-07-12;347;203;0;;
SPE00120566;2016-07-13;326;174;0;;
SPE00120566;2016-07-14;331;152;0;;
SPE00120566;2016-07-15;332;151;0;;
SPE00120566;2016-07-16;365;191;0;;
SPE00120566;2016-07-17;380;200;0;;
SPE00120566;2016-07-18;399;208;0;;
SPE00120566;2016-07-19;404;206;0;;
SPE00120566;2016-07-20;385;255;2;;
SPE00120566;2016-07-21;367;210;0;;
SPE00120566;2016-07-22;349;205;0;;
SPE00120566;2016-07-23;339;188;0;;
SPE00120566;2016-07-24;362;186;0;;
SPE00120566;2016-07-25;388;201;0;;
SPE00120566;2016-07-26;402;215;0;;
SPE00120566;2016-07-27;405;233;0;;
SPE00120566;2016-07-28;403;229;0;;
SPE00120566;2016-07-29;412;224;0;;
SPE00120566;2016-07-30;372;250;0;;
SPE00120566;2016-07-31;346;199;0;;
SPE00120566;2016-08-01;369;205;0;;
SPE00120566;2016-08-02;392;195;0;;
SPE00120566;2016-08-03;392;196;0;;
SPE00120566;2016-08-04;372;229;0;;
SPE00120566;2016-08-05;357;218;0;;
SPE00120566;2016-08-06;372;191;0;;
SPE00120566;2016-08-07;372;198;0;;
SPE00120566;2016-08-08;374;211;0;;
SPE00120566;2016-08-09;380;210;14;;
SPE00120566;2016-08-10;312;170;0;;
SPE00120566;2016-08-11;329;157;0;;
SPE00120566;2016-08-12;340;191;0;;
SPE00120566;2016-08-13;352;193;0;;
SPE00120566;2016-08-14;362;204;0;;
SPE00120566;2016-08-15;362;204;0;;
SPE00120566;2016-08-16;350;243;0;;
SPE00120566;2016-08-17;339;197;0;;
SPE00120566;2016-08-18;348;202;0;;
SPE00120566;2016-08-19;342;207;0;;
SPE00120566;2016-08-20;337;213;0;;
SPE00120566;2016-08-21;354;180;0;;
SPE00120566;2016-08-22;375;215;0;;
SPE00120566;2016-08-23;378;226;0;;
SPE00120566;2016-08-24;360;215;0;;
SPE00120566;2016-08-25;360;201;0;;
SPE00120566;2016-08-26;353;203;2;;
SPE00120566;2016-08-27;379;211;0;;
SPE00120566;2016-08-28;363;225;0;;
SPE00120566;2016-08-29;364;222;0;;
SPE00120566;2016-08-30;354;177;0;;
SPE00120566;2016-08-31;350;195;0;;
SPE00120566;2016-09-01;362;208;0;;
SPE00120566;2016-09-02;367;206;0;;
SPE00120566;2016-09-03;376;188;0;;
SPE00120566;2016-09-04;395;206;0;;
SPE00120566;2016-09-05;400;226;0;;
SPE00120566;2016-09-06;413;214;0;;
SPE00120566;2016-09-07;402;230;0;;
SPE00120566;2016-09-08;338;203;0;;
SPE00120566;2016-09-09;320;188;0;;
SPE00120566;2016-09-10;337;188;0;;
SPE00120566;2016-09-11;352;167;0;;
SPE00120566;2016-09-12;364;185;0;;
SPE00120566;2016-09-13;269;149;48;;
SPE00120566;2016-09-14;217;118;0;;
SPE00120566;2016-09-15;219;99;0;;
SPE00120566;2016-09-16;273;112;0;;
SPE00120566;2016-09-17;273;120;0;;
SPE00120566;2016-09-18;264;111;0;;
SPE00120566;2016-09-19;281;112;0;;
SPE00120566;2016-09-20;295;131;0;;
SPE00120566;2016-09-21;305;128;0;;
SPE00120566;2016-09-22;302;124;0;;
SPE00120566;2016-09-23;300;149;0;;
SPE00120566;2016-09-24;299;147;0;;
SPE00120566;2016-09-25;288;152;0;;
SPE00120566;2016-09-26;295;158;0;;
SPE00120566;2016-09-27;304;150;0;;
SPE00120566;2016-09-28;276;163;0;;
SPE00120566;2016-09-29;279;133;0;;
SPE00120566;2016-09-30;289;139;0;;
SPE00120566;2016-10-01;284;135;0;;
SPE00120566;2016-10-02;291;148;0;;
SPE00120566;2016-10-03;315;113;0;;
SPE00120566;2016-10-04;301;133;0;;
SPE00120566;2016-10-05;310;125;0;;
SPE00120566;2016-10-06;301;159;0;;
SPE00120566;2016-10-07;290;83;0;;
SPE00120566;2016-10-08;299;96;0;;
SPE00120566;2016-10-09;284;89;0;;
SPE00120566;2016-10-10;267;108;0;;
SPE00120566;2016-10-11;263;85;44;;
SPE00120566;2016-10-12;154;121;164;;
SPE00120566;2016-10-13;171;113;0;;
SPE00120566;2016-10-14;200;115;0;;
SPE00120566;2016-10-15;225;78;0;;
SPE00120566;2016-10-16;230;78;0;;
SPE00120566;2016-10-17;217;118;10;;
SPE00120566;2016-10-18;207;141;10;;
SPE00120566;2016-10-19;228;151;114;;
SPE00120566;2016-10-20;216;136;38;;
SPE00120566;2016-10-21;209;117;24;;
SPE00120566;2016-10-22;209;143;2;;
SPE00120566;2016-10-23;172;123;108;;
SPE00120566;2016-10-24;183;116;6;;
SPE00120566;2016-10-25;195;122;28;;
SPE00120566;2016-10-26;252;143;0;;
SPE00120566;2016-10-27;263;136;0;;
SPE00120566;2016-10-28;253;155;0;;
SPE00120566;2016-10-29;235;106;0;;
SPE00120566;2016-10-30;255;69;0;;
SPE00120566;2016-10-31;258;54;0;;
SPE00120566;2016-11-01;220;103;0;;
SPE00120566;2016-11-02;243;82;0;;
SPE00120566;2016-11-03;232;84;30;;
SPE00120566;2016-11-04;175;124;54;;
SPE00120566;2016-11-05;181;102;124;;
SPE00120566;2016-11-06;145;56;0;;
SPE00120566;2016-11-07;123;41;0;;
SPE00120566;2016-11-08;137;34;0;;
SPE00120566;2016-11-09;157;79;0;;
SPE00120566;2016-11-10;157;51;0;;
SPE00120566;2016-11-11;163;19;0;;
SPE00120566;2016-11-12;152;24;0;;
SPE00120566;2016-11-13;195;72;0;;
SPE00120566;2016-11-14;176;45;0;;
SPE00120566;2016-11-15;170;19;0;;
SPE00120566;2016-11-16;176;4;0;;
SPE00120566;2016-11-17;207;26;0;;
SPE00120566;2016-11-18;154;48;0;;
SPE00120566;2016-11-19;164;64;14;;
SPE00120566;2016-11-20;137;82;134;;
SPE00120566;2016-11-21;154;77;8;;
SPE00120566;2016-11-22;116;58;0;;
SPE00120566;2016-11-23;118;52;0;;
SPE00120566;2016-11-24;101;36;4;;
SPE00120566;2016-11-25;70;28;232;;
SPE00120566;2016-11-26;116;66;34;;
SPE00120566;2016-11-27;103;88;138;;
SPE00120566;2016-11-28;150;70;0;;
SPE00120566;2016-11-29;152;73;0;;
SPE00120566;2016-11-30;162;87;0;;
SPE00120566;2016-12-01;140;91;34;;
SPE00120566;2016-12-02;135;66;0;;
SPE00120566;2016-12-03;117;53;66;;
SPE00120566;2016-12-04;135;107;18;;
SPE00120566;2016-12-05;140;99;0;;
SPE00120566;2016-12-06;156;53;0;;
SPE00120566;2016-12-07;143;37;0;;
SPE00120566;2016-12-08;133;32;0;;
SPE00120566;2016-12-12;130;20;0;;
SPE00120566;2016-12-13;78;28;0;;
SPE00120566;2016-12-14;103;39;144;;
SPE00120566;2016-12-15;130;61;22;;
SPE00120566;2016-12-16;98;73;62;;
SPE00120566;2016-12-17;145;73;10;;
SPE00120566;2016-12-18;129;33;22;;
SPE00120566;2016-12-19;127;30;2;;
SPE00120566;2016-12-20;103;6;0;;
SPE00120566;2016-12-21;144;16;0;;
SPE00120566;2016-12-22;149;9;0;;
SPE00120566;2016-12-23;155;17;0;;
SPE00120566;2016-12-24;139;2;0;;
SPE00120566;2016-12-25;74;0;0;;
SPE00120566;2016-12-26;114;-9;0;;
SPE00120566;2016-12-27;146;-7;0;;
SPE00120566;2016-12-28;148;11;0;;
SPE00120566;2016-12-29;127;-2;0;;
SPE00120566;2016-12-30;124;-18;0;;
SPE00120566;2016-12-31;78;-21;0;;
SPE00120566;2017-01-01;21;-29;0;;
SPE00120566;2017-01-02;69;-9;0;;
SPE00120566;2017-01-03;148;20;0;;
SPE00120566;2017-01-04;138;25;0;;
SPE00120566;2017-01-05;134;41;0;;
SPE00120566;2017-01-06;129;-4;0;;
SPE00120566;2017-01-07;96;-16;0;;
SPE00120566;2017-01-08;130;-42;0;;
SPE00120566;2017-01-09;144;-20;0;;
SPE00120566;2017-01-10;135;20;0;;
SPE00120566;2017-01-11;192;75;0;;
SPE00120566;2017-01-12;159;20;0;;
SPE00120566;2017-01-13;119;34;0;;
SPE00120566;2017-01-14;104;-9;0;;
SPE00120566;2017-01-15;116;-6;0;;
SPE00120566;2017-01-16;149;13;0;;
SPE00120566;2017-01-17;137;-12;0;;
SPE00120566;2017-01-18;71;-45;0;;
SPE00120566;2017-01-19;85;-42;0;;
SPE00120566;2017-01-20;112;33;0;;
SPE00120566;2017-01-21;130;5;0;;
SPE00120566;2017-01-22;141;-8;0;;
SPE00120566;2017-01-23;126;-10;0;;
SPE00120566;2017-01-24;136;-9;0;;
SPE00120566;2017-01-25;122;-33;0;;
SPE00120566;2017-01-26;114;-1;26;;
SPE00120566;2017-01-27;96;44;28;;
SPE00120566;2017-01-28;120;20;0;;
SPE00120566;2017-01-29;115;52;4;;
SPE00120566;2017-01-30;144;82;0;;
SPE00120566;2017-01-31;161;62;0;;
SPE00120566;2017-02-01;142;42;14;;
SPE00120566;2017-02-02;144;76;10;;
SPE00120566;2017-02-03;155;75;0;;
SPE00120566;2017-02-04;170;108;26;;
SPE00120566;2017-02-05;126;48;14;;
SPE00120566;2017-02-06;163;48;0;;
SPE00120566;2017-02-07;145;66;0;;
SPE00120566;2017-02-08;122;33;0;;
SPE00120566;2017-02-09;141;-6;0;;
SPE00120566;2017-02-10;96;11;6;;
SPE00120566;2017-02-11;89;55;2;;
SPE00120566;2017-02-12;124;79;68;;
SPE00120566;2017-02-13;133;62;8;;
SPE00120566;2017-02-14;140;25;0;;
SPE00120566;2017-02-15;147;28;0;;
SPE00120566;2017-02-16;145;52;0;;
SPE00120566;2017-02-17;160;23;0;;
SPE00120566;2017-02-18;165;18;2;;
SPE00120566;2017-02-19;153;66;0;;
SPE00120566;2017-02-20;171;12;0;;
SPE00120566;2017-02-21;179;11;0;;
SPE00120566;2017-02-22;209;35;0;;
SPE00120566;2017-02-23;154;91;12;;
SPE00120566;2017-02-24;181;57;0;;
SPE00120566;2017-02-25;191;24;0;;
SPE00120566;2017-02-26;151;53;0;;
SPE00120566;2017-02-27;153;83;0;;
SPE00120566;2017-02-28;147;74;0;;
SPE00120566;2017-03-01;177;43;0;;
SPE00120566;2017-03-02;194;55;0;;
SPE00120566;2017-03-03;139;43;10;;
SPE00120566;2017-03-04;116;22;0;;
SPE00120566;2017-03-05;159;55;2;;
SPE00120566;2017-03-06;193;105;0;;
SPE00120566;2017-03-07;220;71;0;;
SPE00120566;2017-03-08;248;61;0;;
SPE00120566;2017-03-09;276;57;0;;
SPE00120566;2017-03-10;290;64;0;;
SPE00120566;2017-03-11;246;72;0;;
SPE00120566;2017-03-12;208;80;4;;
SPE00120566;2017-03-13;151;66;0;;
SPE00120566;2017-03-14;200;80;0;;
SPE00120566;2017-03-15;213;51;0;;
SPE00120566;2017-03-16;202;55;0;;
SPE00120566;2017-03-17;209;41;0;;
SPE00120566;2017-03-18;225;33;0;;
SPE00120566;2017-03-19;250;39;0;;
SPE00120566;2017-03-20;252;76;0;;
SPE00120566;2017-03-21;167;76;0;;
SPE00120566;2017-03-22;134;34;20;;
SPE00120566;2017-03-23;82;-5;28;;
SPE00120566;2017-03-24;99;-3;46;;
SPE00120566;2017-03-25;104;-8;28;;
SPE00120566;2017-03-26;162;55;2;;
SPE00120566;2017-03-27;157;75;4;;
SPE00120566;2017-03-28;190;73;0;;
SPE00120566;2017-03-29;219;44;0;;
SPE00120566;2017-03-30;233;58;0;;
SPE00120566;2017-03-31;200;102;0;;
SPE00120566;2017-04-01;191;70;0;;
SPE00120566;2017-04-02;202;67;0;;
SPE00120566;2017-04-03;205;44;0;;
SPE00120566;2017-04-04;240;41;0;;
SPE00120566;2017-04-05;201;59;0;;
SPE00120566;2017-04-06;222;67;0;;
SPE00120566;2017-04-07;249;64;0;;
SPE00120566;2017-04-08;249;84;0;;
SPE00120566;2017-04-09;251;83;0;;
SPE00120566;2017-04-10;263;85;0;;
SPE00120566;2017-04-11;283;76;0;;
SPE00120566;2017-04-12;293;99;0;;
SPE00120566;2017-04-13;284;130;0;;
SPE00120566;2017-04-14;265;138;0;;
SPE00120566;2017-04-15;266;119;0;;
SPE00120566;2017-04-16;281;97;0;;
SPE00120566;2017-04-17;289;100;0;;
SPE00120566;2017-04-18;300;114;0;;
SPE00120566;2017-04-19;237;116;0;;
SPE00120566;2017-04-20;212;101;0;;
SPE00120566;2017-04-21;216;60;0;;
SPE00120566;2017-04-22;233;59;0;;
SPE00120566;2017-04-23;279;99;0;;
SPE00120566;2017-04-24;283;111;2;;
SPE00120566;2017-04-25;252;151;0;;
SPE00120566;2017-04-26;217;93;16;;
SPE00120566;2017-04-27;180;52;0;;
SPE00120566;2017-04-28;158;50;46;;
SPE00120566;2017-04-29;186;84;60;;
SPE00120566;2017-04-30;165;89;8;;
SPE00120566;2017-05-01;206;41;0;;
SPE00120566;2017-05-02;261;82;0;;
SPE00120566;2017-05-03;297;95;0;;
SPE00120566;2017-05-04;310;127;4;;
SPE00120566;2017-05-05;258;108;12;;
SPE00120566;2017-05-06;226;84;0;;
SPE00120566;2017-05-07;290;90;0;;
SPE00120566;2017-05-08;316;117;0;;
SPE00120566;2017-05-09;305;134;0;;
SPE00120566;2017-05-10;241;132;74;;
SPE00120566;2017-05-11;203;113;16;;
SPE00120566;2017-05-12;202;115;38;;
SPE00120566;2017-05-13;212;115;0;;
SPE00120566;2017-05-14;258;111;0;;
SPE00120566;2017-05-15;295;117;0;;
SPE00120566;2017-05-16;320;176;0;;
SPE00120566;2017-05-17;301;176;0;;
SPE00120566;2017-05-18;239;136;0;;
SPE00120566;2017-05-19;258;103;0;;
SPE00120566;2017-05-20;297;98;0;;
SPE00120566;2017-05-21;293;158;0;;
SPE00120566;2017-05-22;310;126;0;;
SPE00120566;2017-05-23;344;158;0;;
SPE00120566;2017-05-24;343;177;0;;
SPE00120566;2017-05-25;359;186;0;;
SPE00120566;2017-05-26;355;195;0;;
SPE00120566;2017-05-27;348;197;0;;
SPE00120566;2017-05-28;306;187;0;;
SPE00120566;2017-05-29;270;174;0;;
SPE00120566;2017-05-30;314;155;0;;
SPE00120566;2017-05-31;330;170;0;;
SPE00120566;2017-06-01;331;174;0;;
SPE00120566;2017-06-02;348;193;60;;
SPE00120566;2017-06-03;311;176;0;;
SPE00120566;2017-06-04;291;157;0;;
SPE00120566;2017-06-05;285;115;0;;
SPE00120566;2017-06-06;307;154;0;;
SPE00120566;2017-06-07;350;161;0;;
SPE00120566;2017-06-08;356;189;0;;
SPE00120566;2017-06-09;344;212;0;;
SPE00120566;2017-06-10;379;193;0;;
SPE00120566;2017-06-11;391;217;0;;
SPE00120566;2017-06-12;386;222;0;;
SPE00120566;2017-06-13;381;216;0;;
SPE00120566;2017-06-14;399;217;0;;
SPE00120566;2017-06-15;410;241;0;;
SPE00120566;2017-06-16;405;226;0;;
SPE00120566;2017-06-17;412;239;0;;
SPE00120566;2017-06-18;412;224;0;;
SPE00120566;2017-06-19;373;222;0;;
SPE00120566;2017-06-20;358;205;0;;
SPE00120566;2017-06-21;391;209;0;;
SPE00120566;2017-06-22;386;231;0;;
SPE00120566;2017-06-23;373;231;0;;
SPE00120566;2017-06-24;368;231;0;;
SPE00120566;2017-06-25;353;198;46;;
SPE00120566;2017-06-26;324;172;0;;
SPE00120566;2017-06-27;291;192;0;;
SPE00120566;2017-06-28;260;163;0;;
SPE00120566;2017-06-29;249;126;0;;
SPE00120566;2017-06-30;249;109;0;;
SPE00120566;2017-07-01;270;123;0;;
SPE00120566;2017-07-02;334;137;0;;
SPE00120566;2017-07-03;357;184;0;;
SPE00120566;2017-07-04;373;199;0;;
SPE00120566;2017-07-05;377;206;104;;
SPE00120566;2017-07-06;261;176;136;;
SPE00120566;2017-07-07;241;153;156;;
SPE00120566;2017-07-08;293;164;0;;
SPE00120566;2017-07-09;341;186;0;;
SPE00120566;2017-07-10;346;188;0;;
SPE00120566;2017-07-11;367;193;0;;
SPE00120566;2017-07-12;399;197;0;;
SPE00120566;2017-07-13;428;217;0;;
SPE00120566;2017-07-14;422;231;0;;
SPE00120566;2017-07-15;395;228;0;;
SPE00120566;2017-07-16;400;225;0;;
SPE00120566;2017-07-17;393;222;0;;
SPE00120566;2017-07-18;394;232;0;;
SPE00120566;2017-07-19;335;225;0;;
SPE00120566;2017-07-20;342;194;0;;
SPE00120566;2017-07-21;328;194;0;;
SPE00120566;2017-07-22;347;195;0;;
SPE00120566;2017-07-23;355;195;0;;
SPE00120566;2017-07-24;350;217;0;;
SPE00120566;2017-07-25;342;189;0;;
SPE00120566;2017-07-26;363;181;0;;
SPE00120566;2017-07-27;388;203;0;;
SPE00120566;2017-07-28;390;227;0;;
SPE00120566;2017-07-29;382;219;0;;
SPE00120566;2017-07-30;383;235;0;;
SPE00120566;2017-07-31;357;216;0;;
SPE00120566;2017-08-01;340;207;0;;
SPE00120566;2017-08-02;364;205;0;;
SPE00120566;2017-08-03;382;203;0;;
SPE00120566;2017-08-04;406;241;0;;
SPE00120566;2017-08-05;410;258;0;;
SPE00120566;2017-08-06;383;228;0;;
SPE00120566;2017-08-07;384;211;0;;
SPE00120566;2017-08-08;320;187;0;;
SPE00120566;2017-08-09;312;156;0;;
SPE00120566;2017-08-10;288;129;0;;
SPE00120566;2017-08-11;318;151;0;;
SPE00120566;2017-08-12;348;166;0;;
SPE00120566;2017-08-13;363;192;0;;
SPE00120566;2017-08-14;379;206;0;;
SPE00120566;2017-08-15;368;213;0;;
SPE00120566;2017-08-16;370;200;0;;
SPE00120566;2017-08-17;388;201;0;;
SPE00120566;2017-08-18;389;213;0;;
SPE00120566;2017-08-19;378;225;0;;
SPE00120566;2017-08-20;384;224;0;;
SPE00120566;2017-08-21;388;221;0;;
SPE00120566;2017-08-22;383;224;0;;
SPE00120566;2017-08-23;385;233;0;;
SPE00120566;2017-08-24;376;225;0;;
SPE00120566;2017-08-25;371;202;0;;
SPE00120566;2017-08-26;342;206;20;;
SPE00120566;2017-08-27;311;205;2;;
SPE00120566;2017-08-28;234;174;230;;
SPE00120566;2017-08-29;264;158;26;;
SPE00120566;2017-08-30;278;143;0;;
SPE00120566;2017-08-31;308;165;0;;
SPE00120566;2017-09-01;311;166;0;;
SPE00120566;2017-09-02;299;146;0;;
SPE00120566;2017-09-03;332;149;0;;
SPE00120566;2017-09-04;322;172;0;;
SPE00120566;2017-09-05;347;189;0;;
SPE00120566;2017-09-06;355;187;0;;
SPE00120566;2017-09-07;327;191;0;;
SPE00120566;2017-09-08;336;139;0;;
SPE00120566;2017-09-09;271;171;0;;
SPE00120566;2017-09-10;259;130;0;;
SPE00120566;2017-09-11;326;149;0;;
SPE00120566;2017-09-12;297;174;0;;
SPE00120566;2017-09-13;341;142;0;;
SPE00120566;2017-09-14;322;177;0;;
SPE00120566;2017-09-15;260;138;0;;
SPE00120566;2017-09-16;241;113;0;;
SPE00120566;2017-09-17;271;88;0;;
SPE00120566;2017-09-18;269;117;0;;
SPE00120566;2017-09-19;284;131;0;;
SPE00120566;2017-09-20;310;117;0;;
SPE00120566;2017-09-21;314;119;0;;
SPE00120566;2017-09-22;307;159;0;;
SPE00120566;2017-09-23;305;161;0;;
SPE00120566;2017-09-24;317;141;0;;
SPE00120566;2017-09-25;291;156;0;;
SPE00120566;2017-09-26;283;133;0;;
SPE00120566;2017-09-27;277;154;0;;
SPE00120566;2017-09-28;308;125;0;;
SPE00120566;2017-09-29;319;163;0;;
SPE00120566;2017-09-30;311;160;0;;
SPE00120566;2017-10-01;286;165;0;;
SPE00120566;2017-10-02;307;149;0;;
SPE00120566;2017-10-03;333;164;0;;
SPE00120566;2017-10-04;328;180;0;;
SPE00120566;2017-10-05;331;159;0;;
SPE00120566;2017-10-06;321;156;0;;
SPE00120566;2017-10-07;281;112;0;;
SPE00120566;2017-10-08;301;132;0;;
SPE00120566;2017-10-09;306;100;0;;
SPE00120566;2017-10-10;307;92;0;;
SPE00120566;2017-10-11;301;98;0;;
SPE00120566;2017-10-12;323;117;0;;
SPE00120566;2017-10-13;315;129;0;;
SPE00120566;2017-10-14;312;119;0;;
SPE00120566;2017-10-15;308;167;0;;
SPE00120566;2017-10-16;297;152;0;;
SPE00120566;2017-10-17;224;140;182;;
SPE00120566;2017-10-18;154;103;62;;
SPE00120566;2017-10-19;186;71;0;;
SPE00120566;2017-10-20;227;135;0;;
SPE00120566;2017-10-21;235;138;0;;
SPE00120566;2017-10-22;217;98;0;;
SPE00120566;2017-10-23;230;68;0;;
SPE00120566;2017-10-24;256;78;0;;
SPE00120566;2017-10-25;274;86;0;;
SPE00120566;2017-10-26;279;89;0;;
SPE00120566;2017-10-27;292;92;0;;
SPE00120566;2017-10-28;252;100;0;;
SPE00120566;2017-10-29;236;73;0;;
SPE00120566;2017-10-30;221;69;0;;
SPE00120566;2017-10-31;216;76;0;;
SPE00120566;2017-11-01;226;79;0;;
SPE00120566;2017-11-02;217;106;4;;
SPE00120566;2017-11-03;211;128;8;;
SPE00120566;2017-11-04;166;113;196;;
SPE00120566;2017-11-05;171;93;0;;
SPE00120566;2017-11-06;164;59;0;;
SPE00120566;2017-11-07;182;45;0;;
SPE00120566;2017-11-08;159;45;0;;
SPE00120566;2017-11-09;143;16;0;;
SPE00120566;2017-11-10;193;24;0;;
SPE00120566;2017-11-11;205;64;0;;
SPE00120566;2017-11-12;202;32;0;;
SPE00120566;2017-11-13;164;54;0;;
SPE00120566;2017-11-14;161;19;0;;
SPE00120566;2017-11-15;170;3;0;;
SPE00120566;2017-11-16;191;11;0;;
SPE00120566;2017-11-17;208;18;0;;
SPE00120566;2017-11-18;195;26;0;;
SPE00120566;2017-11-19;190;11;0;;
SPE00120566;2017-11-20;203;8;0;;
SPE00120566;2017-11-21;195;10;0;;
SPE00120566;2017-11-22;185;2;0;;
SPE00120566;2017-11-23;192;55;0;;
SPE00120566;2017-11-24;204;94;0;;
SPE00120566;2017-11-25;171;86;0;;
SPE00120566;2017-11-26;148;22;0;;
SPE00120566;2017-11-27;129;-7;0;;
SPE00120566;2017-11-28;86;44;134;;
SPE00120566;2017-11-29;132;31;8;;
SPE00120566;2017-11-30;106;-8;0;;
SPE00120566;2017-12-01;103;-7;0;;
SPE00120566;2017-12-02;89;-12;0;;
SPE00120566;2017-12-03;108;-8;0;;
SPE00120566;2017-12-04;112;-32;0;;
SPE00120566;2017-12-05;115;-27;0;;
SPE00120566;2017-12-06;116;-36;0;;
SPE00120566;2017-12-07;124;-28;0;;
SPE00120566;2017-12-08;133;12;0;;
SPE00120566;2017-12-09;151;73;0;;
SPE00120566;2017-12-10;134;90;58;;
SPE00120566;2017-12-11;133;40;90;;
SPE00120566;2017-12-12;106;16;0;;
SPE00120566;2017-12-13;113;-9;0;;
SPE00120566;2017-12-14;124;50;2;;
SPE00120566;2017-12-15;119;41;32;;
SPE00120566;2017-12-16;116;11;0;;
SPE00120566;2017-12-17;112;-9;0;;
SPE00120566;2017-12-18;111;-3;0;;
SPE00120566;2017-12-19;135;17;0;;
SPE00120566;2017-12-20;118;-16;0;;
SPE00120566;2017-12-21;150;-4;0;;
SPE00120566;2017-12-22;148;-7;0;;
SPE00120566;2017-12-23;128;1;0;;
SPE00120566;2017-12-24;55;9;0;;
SPE00120566;2017-12-25;73;-2;16;;
SPE00120566;2017-12-26;99;51;6;;
SPE00120566;2017-12-27;124;74;0;;
SPE00120566;2017-12-28;172;72;0;;
SPE00120566;2017-12-29;172;85;0;;
SPE00120566;2017-12-30;166;74;0;;
SPE00120566;2017-12-31;143;55;0;;
SPE00120566;2018-01-01;125;39;0;;
SPE00120566;2018-01-02;148;46;0;;
SPE00120566;2018-01-03;141;96;0;;
SPE00120566;2018-01-04;160;97;0;;
SPE00120566;2018-01-05;142;55;116;;
SPE00120566;2018-01-06;62;42;108;;
SPE00120566;2018-01-07;46;11;94;;
SPE00120566;2018-01-08;88;1;0;;
SPE00120566;2018-01-09;65;-3;8;;
SPE00120566;2018-01-10;102;43;4;;
SPE00120566;2018-01-11;114;36;0;;
SPE00120566;2018-01-12;125;12;0;;
SPE00120566;2018-01-13;47;10;20;;
SPE00120566;2018-01-14;100;16;14;;
SPE00120566;2018-01-15;112;-13;0;;
SPE00120566;2018-01-16;138;24;0;;
SPE00120566;2018-01-17;163;23;0;;
SPE00120566;2018-01-18;153;11;0;;
SPE00120566;2018-01-19;170;6;0;;
SPE00120566;2018-01-20;157;24;0;;
SPE00120566;2018-01-21;173;52;0;;
SPE00120566;2018-01-22;157;31;0;;
SPE00120566;2018-01-23;169;-2;0;;
SPE00120566;2018-01-24;169;-1;0;;
SPE00120566;2018-01-25;96;31;30;;
SPE00120566;2018-01-26;105;36;0;;
SPE00120566;2018-01-27;123;10;0;;
SPE00120566;2018-01-28;122;17;0;;
SPE00120566;2018-01-29;156;28;0;;
SPE00120566;2018-01-30;146;10;0;;
SPE00120566;2018-01-31;140;9;0;;
SPE00120566;2018-02-01;129;0;0;;
SPE00120566;2018-02-02;93;6;0;;
SPE00120566;2018-02-03;112;6;104;;
SPE00120566;2018-02-04;60;18;120;;
SPE00120566;2018-02-05;46;20;36;;
SPE00120566;2018-02-06;82;10;0;;
SPE00120566;2018-02-07;70;-29;0;;
SPE00120566;2018-02-08;94;-40;0;;
SPE00120566;2018-02-09;101;-31;0;;
SPE00120566;2018-02-10;109;17;0;;
SPE00120566;2018-02-11;163;10;12;;
SPE00120566;2018-02-12;112;25;16;;
SPE00120566;2018-02-13;115;-9;0;;
SPE00120566;2018-02-14;123;76;0;;
SPE00120566;2018-02-15;136;72;0;;
SPE00120566;2018-02-16;159;73;0;;
SPE00120566;2018-02-17;158;26;0;;
SPE00120566;2018-02-18;150;23;0;;
SPE00120566;2018-02-19;170;47;0;;
SPE00120566;2018-02-20;177;47;0;;
SPE00120566;2018-02-21;136;14;0;;
SPE00120566;2018-02-22;124;-26;0;;
SPE00120566;2018-02-23;114;-27;0;;
SPE00120566;2018-02-24;139;-49;0;;
SPE00120566;2018-02-25;159;-37;0;;
SPE00120566;2018-02-26;189;-19;6;;
SPE00120566;2018-02-27;88;10;154;;
SPE00120566;2018-02-28;158;68;22;;
SPE00120566;2018-03-01;154;74;130;;
SPE00120566;2018-03-02;144;56;140;;
SPE00120566;2018-03-03;143;72;50;;
SPE00120566;2018-03-04;148;66;24;;
SPE00120566;2018-03-05;105;59;38;;
SPE00120566;2018-03-06;123;49;6;;
SPE00120566;2018-03-07;140;21;14;;
SPE00120566;2018-03-08;142;57;30;;
SPE00120566;2018-03-09;142;97;6;;
SPE00120566;2018-03-10;159;78;188;;
SPE00120566;2018-03-11;121;69;6;;
SPE00120566;2018-03-12;145;81;14;;
SPE00120566;2018-03-13;156;72;4;;
SPE00120566;2018-03-14;166;72;112;;
SPE00120566;2018-03-15;124;65;32;;
SPE00120566;2018-03-16;120;48;6;;
SPE00120566;2018-03-17;94;51;176;;
SPE00120566;2018-03-18;141;43;0;;
SPE00120566;2018-03-19;118;40;16;;
SPE00120566;2018-03-20;113;11;0;;
SPE00120566;2018-03-21;145;-10;0;;
SPE00120566;2018-03-22;145;-13;0;;
SPE00120566;2018-03-23;137;35;60;;
SPE00120566;2018-03-24;138;37;2;;
SPE00120566;2018-03-25;151;54;0;;
SPE00120566;2018-03-26;169;45;0;;
SPE00120566;2018-03-27;217;51;0;;
SPE00120566;2018-03-28;219;73;0;;
SPE00120566;2018-03-29;161;71;0;;
SPE00120566;2018-03-30;124;57;14;;
SPE00120566;2018-03-31;150;47;2;;
SPE00120566;2018-04-01;198;44;0;;
SPE00120566;2018-04-02;219;82;18;;
SPE00120566;2018-04-03;188;85;14;;
SPE00120566;2018-04-04;164;76;0;;
SPE00120566;2018-04-05;212;53;0;;
SPE00120566;2018-04-06;219;77;72;;
SPE00120566;2018-04-07;141;69;30;;
SPE00120566;2018-04-08;159;63;14;;
SPE00120566;2018-04-09;84;43;18;;
SPE00120566;2018-04-10;103;39;130;;
SPE00120566;2018-04-11;126;42;0;;
SPE00120566;2018-04-12;128;59;34;;
SPE00120566;2018-04-13;149;48;0;;
SPE00120566;2018-04-14;188;47;0;;
SPE00120566;2018-04-15;182;91;42;;
SPE00120566;2018-04-16;173;72;0;;
SPE00120566;2018-04-17;234;64;0;;
SPE00120566;2018-04-18;265;84;0;;
SPE00120566;2018-04-19;246;119;0;;
SPE00120566;2018-04-20;219;111;0;;
SPE00120566;2018-04-21;225;110;0;;
SPE00120566;2018-04-22;243;108;6;;
SPE00120566;2018-04-23;254;128;0;;
SPE00120566;2018-04-24;263;128;0;;
SPE00120566;2018-04-25;294;104;0;;
SPE00120566;2018-04-26;286;112;0;;
SPE00120566;2018-04-27;242;140;0;;
SPE00120566;2018-04-28;185;90;46;;
SPE00120566;2018-04-29;136;39;20;;
SPE00120566;2018-04-30;141;49;32;;
SPE00120566;2018-05-01;172;51;2;;
SPE00120566;2018-05-02;182;53;0;;
SPE00120566;2018-05-03;203;80;0;;
SPE00120566;2018-05-04;228;43;0;;
SPE00120566;2018-05-05;255;85;10;;
SPE00120566;2018-05-06;270;122;0;;
SPE00120566;2018-05-07;257;119;0;;
SPE00120566;2018-05-08;293;121;0;;
SPE00120566;2018-05-09;281;123;0;;
SPE00120566;2018-05-10;273;150;0;;
SPE00120566;2018-05-11;276;127;0;;
SPE00120566;2018-05-12;215;96;0;;
SPE00120566;2018-05-13;201;60;0;;
SPE00120566;2018-05-14;215;99;0;;
SPE00120566;2018-05-15;252;80;0;;
SPE00120566;2018-05-16;269;107;0;;
SPE00120566;2018-05-17;271;143;0;;
SPE00120566;2018-05-18;229;130;2;;
SPE00120566;2018-05-19;266;128;28;;
SPE00120566;2018-05-20;256;128;0;;
SPE00120566;2018-05-21;248;141;2;;
SPE00120566;2018-05-22;284;120;0;;
SPE00120566;2018-05-23;287;143;0;;
SPE00120566;2018-05-24;297;148;404;;
SPE00120566;2018-05-25;221;129;100;;
SPE00120566;2018-05-26;237;121;0;;
SPE00120566;2018-05-27;265;120;8;;
SPE00120566;2018-05-28;245;147;0;;
SPE00120566;2018-05-29;213;134;48;;
SPE00120566;2018-05-30;228;125;0;;
SPE00120566;2018-05-31;256;124;0;;
SPE00120566;2018-06-01;263;122;158;;
SPE00120566;2018-06-02;225;127;76;;
SPE00120566;2018-06-03;257;104;0;;
SPE00120566;2018-06-04;208;112;0;;
SPE00120566;2018-06-05;209;116;20;;
SPE00120566;2018-06-06;220;121;0;;
SPE00120566;2018-06-07;256;103;24;;
SPE00120566;2018-06-08;201;140;8;;
SPE00120566;2018-06-09;212;112;0;;
SPE00120566;2018-06-10;214;115;2;;
SPE00120566;2018-06-11;219;122;0;;
SPE00120566;2018-06-12;274;136;0;;
SPE00120566;2018-06-13;274;143;0;;
SPE00120566;2018-06-14;293;124;0;;
SPE00120566;2018-06-15;331;146;0;;
SPE00120566;2018-06-16;334;176;0;;
SPE00120566;2018-06-17;340;164;0;;
SPE00120566;2018-06-18;341;167;0;;
SPE00120566;2018-06-19;348;166;0;;
SPE00120566;2018-06-20;350;191;0;;
SPE00120566;2018-06-21;345;209;0;;
SPE00120566;2018-06-22;358;206;0;;
SPE00120566;2018-06-23;377;202;0;;
SPE00120566;2018-06-24;389;213;0;;
SPE00120566;2018-06-25;372;218;0;;
SPE00120566;2018-06-26;355;217;0;;
SPE00120566;2018-06-27;338;205;0;;
SPE00120566;2018-06-28;332;185;0;;
SPE00120566;2018-06-29;334;181;0;;
SPE00120566;2018-06-30;310;196;0;;
SPE00120566;2018-07-01;292;176;0;;
SPE00120566;2018-07-02;290;165;0;;
SPE00120566;2018-07-03;334;162;0;;
SPE00120566;2018-07-04;284;181;0;;
SPE00120566;2018-07-05;306;160;0;;
SPE00120566;2018-07-06;337;163;0;;
SPE00120566;2018-07-07;358;199;0;;
SPE00120566;2018-07-08;365;206;0;;
SPE00120566;2018-07-09;366;201;0;;
SPE00120566;2018-07-10;368;213;0;;
SPE00120566;2018-07-11;341;209;0;;
SPE00120566;2018-07-12;350;193;0;;
SPE00120566;2018-07-13;360;203;0;;
SPE00120566;2018-07-14;349;203;0;;
SPE00120566;2018-07-15;296;181;0;;
SPE00120566;2018-07-16;318;163;0;;
SPE00120566;2018-07-17;366;174;0;;
SPE00120566;2018-07-18;347;220;0;;
SPE00120566;2018-07-19;351;191;0;;
SPE00120566;2018-07-20;330;183;0;;
SPE00120566;2018-07-21;334;177;0;;
SPE00120566;2018-07-22;352;202;0;;
SPE00120566;2018-07-23;373;202;0;;
SPE00120566;2018-07-24;351;207;0;;
SPE00120566;2018-07-25;368;197;0;;
SPE00120566;2018-07-26;361;203;0;;
SPE00120566;2018-07-27;361;207;0;;
SPE00120566;2018-07-28;353;181;0;;
SPE00120566;2018-07-29;334;194;0;;
SPE00120566;2018-07-30;355;191;0;;
SPE00120566;2018-07-31;379;203;0;;
SPE00120566;2018-08-01;400;206;0;;
SPE00120566;2018-08-02;417;238;0;;
SPE00120566;2018-08-03;426;228;0;;
SPE00120566;2018-08-04;410;237;0;;
SPE00120566;2018-08-05;397;223;0;;
SPE00120566;2018-08-06;412;209;0;;
SPE00120566;2018-08-07;381;236;0;;
SPE00120566;2018-08-08;364;200;0;;
SPE00120566;2018-08-09;322;183;0;;
SPE00120566;2018-08-10;352;174;0;;
SPE00120566;2018-08-11;372;217;0;;
SPE00120566;2018-08-12;369;220;0;;
SPE00120566;2018-08-13;346;206;0;;
SPE00120566;2018-08-14;355;194;0;;
SPE00120566;2018-08-15;370;191;0;;
SPE00120566;2018-08-16;346;213;62;;
SPE00120566;2018-08-17;342;179;0;;
SPE00120566;2018-08-18;334;173;0;;
SPE00120566;2018-08-19;343;198;0;;
SPE00120566;2018-08-20;349;198;0;;
SPE00120566;2018-08-21;365;191;0;;
SPE00120566;2018-08-22;364;195;0;;
SPE00120566;2018-08-23;362;216;0;;
SPE00120566;2018-08-24;367;185;0;;
SPE00120566;2018-08-25;353;178;0;;
SPE00120566;2018-08-26;355;168;0;;
SPE00120566;2018-08-27;387;168;0;;
SPE00120566;2018-08-28;367;227;0;;
SPE00120566;2018-08-29;339;201;0;;
SPE00120566;2018-08-30;353;200;0;;
SPE00120566;2018-08-31;364;212;0;;
SPE00120566;2018-09-01;373;208;0;;
SPE00120566;2018-09-02;376;214;0;;
SPE00120566;2018-09-03;348;221;0;;
SPE00120566;2018-09-04;327;194;0;;
SPE00120566;2018-09-05;294;180;0;;
SPE00120566;2018-09-06;304;180;0;;
SPE00120566;2018-09-07;314;156;0;;
SPE00120566;2018-09-08;269;173;34;;
SPE00120566;2018-09-09;270;146;8;;
SPE00120566;2018-09-10;301;157;0;;
SPE00120566;2018-09-11;305;161;0;;
SPE00120566;2018-09-12;326;197;0;;
SPE00120566;2018-09-13;348;172;0;;
SPE00120566;2018-09-14;348;191;0;;
SPE00120566;2018-09-15;317;194;0;;
SPE00120566;2018-09-16;328;173;0;;
SPE00120566;2018-09-17;326;197;0;;
SPE00120566;2018-09-18;316;173;0;;
SPE00120566;2018-09-19;334;175;0;;
SPE00120566;2018-09-20;346;183;0;;
SPE00120566;2018-09-21;345;185;0;;
SPE00120566;2018-09-22;351;182;0;;
SPE00120566;2018-09-23;360;172;0;;
SPE00120566;2018-09-24;353;180;0;;
SPE00120566;2018-09-25;341;172;0;;
SPE00120566;2018-09-26;300;193;0;;
SPE00120566;2018-09-27;288;161;0;;
SPE00120566;2018-09-28;299;142;0;;
SPE00120566;2018-09-29;316;139;0;;
SPE00120566;2018-09-30;321;135;0;;
SPE00120566;2018-10-01;285;149;0;;
SPE00120566;2018-10-02;275;90;0;;
SPE00120566;2018-10-03;298;105;0;;
SPE00120566;2018-10-04;306;106;0;;
SPE00120566;2018-10-05;300;137;0;;
SPE00120566;2018-10-06;298;116;0;;
SPE00120566;2018-10-07;223;119;0;;
SPE00120566;2018-10-08;221;73;0;;
SPE00120566;2018-10-09;229;85;108;;
SPE00120566;2018-10-10;236;128;18;;
SPE00120566;2018-10-11;240;162;2;;
SPE00120566;2018-10-12;246;167;6;;
SPE00120566;2018-10-13;290;134;22;;
SPE00120566;2018-10-14;222;112;0;;
SPE00120566;2018-10-15;157;82;74;;
SPE00120566;2018-10-16;222;108;0;;
SPE00120566;2018-10-17;240;93;28;;
SPE00120566;2018-10-18;215;129;8;;
SPE00120566;2018-10-19;182;136;42;;
SPE00120566;2018-10-20;216;130;0;;
SPE00120566;2018-10-21;232;148;18;;
SPE00120566;2018-10-22;249;118;2;;
SPE00120566;2018-10-23;247;108;0;;
SPE00120566;2018-10-24;257;100;0;;
SPE00120566;2018-10-25;260;84;0;;
SPE00120566;2018-10-26;163;99;46;;
SPE00120566;2018-10-27;139;50;42;;
SPE00120566;2018-10-28;119;39;0;;
SPE00120566;2018-10-29;133;32;8;;
SPE00120566;2018-10-30;120;64;146;;
SPE00120566;2018-10-31;121;69;4;;
SPE00120566;2018-11-01;170;47;0;;
SPE00120566;2018-11-02;203;95;0;;
SPE00120566;2018-11-03;200;55;0;;
SPE00120566;2018-11-04;172;30;130;;
SPE00120566;2018-11-05;115;79;48;;
SPE00120566;2018-11-06;121;53;0;;
SPE00120566;2018-11-07;166;91;12;;
SPE00120566;2018-11-08;170;56;10;;
SPE00120566;2018-11-09;138;60;0;;
SPE00120566;2018-11-10;160;114;14;;
SPE00120566;2018-11-11;204;119;0;;
SPE00120566;2018-11-12;163;105;20;;
SPE00120566;2018-11-13;186;88;0;;
SPE00120566;2018-11-14;191;108;0;;
SPE00120566;2018-11-15;190;117;0;;
SPE00120566;2018-11-16;197;117;0;;
SPE00120566;2018-11-17;205;106;0;;
SPE00120566;2018-11-18;138;107;74;;
SPE00120566;2018-11-19;129;94;0;;
SPE00120566;2018-11-20;142;88;14;;
SPE00120566;2018-11-21;141;68;8;;
SPE00120566;2018-11-22;152;65;14;;
SPE00120566;2018-11-23;132;56;0;;
SPE00120566;2018-11-24;142;23;0;;
SPE00120566;2018-11-25;153;90;58;;
SPE00120566;2018-11-26;142;59;0;;
SPE00120566;2018-11-27;140;48;0;;
SPE00120566;2018-11-28;154;8;0;;
SPE00120566;2018-11-29;154;-1;30;;
SPE00120566;2018-11-30;132;45;0;;
SPE00120566;2018-12-01;136;15;0;;
SPE00120566;2018-12-02;141;47;0;;
SPE00120566;2018-12-03;121;48;0;;
SPE00120566;2018-12-04;157;36;0;;
SPE00120566;2018-12-05;180;33;0;;
SPE00120566;2018-12-06;180;16;0;;
SPE00120566;2018-12-07;105;25;0;;
SPE00120566;2018-12-08;155;13;0;;
SPE00120566;2018-12-09;171;10;0;;
SPE00120566;2018-12-10;166;15;0;;
SPE00120566;2018-12-11;125;6;0;;
SPE00120566;2018-12-12;109;38;36;;
SPE00120566;2018-12-13;113;43;32;;
SPE00120566;2018-12-14;131;23;0;;
SPE00120566;2018-12-15;132;27;0;;
SPE00120566;2018-12-16;147;62;8;;
SPE00120566;2018-12-17;124;13;0;;
SPE00120566;2018-12-18;108;-4;4;;
SPE00120566;2018-12-19;96;61;0;;
SPE00120566;2018-12-20;110;60;0;;
SPE00120566;2018-12-21;132;53;2;;
SPE00120566;2018-12-22;94;76;0;;
SPE00120566;2018-12-23;99;47;0;;
SPE00120566;2018-12-24;107;15;0;;
SPE00120566;2018-12-25;148;6;0;;
SPE00120566;2018-12-26;143;14;0;;
SPE00120566;2018-12-27;116;-11;0;;
SPE00120566;2018-12-28;108;-15;0;;
SPE00120566;2018-12-29;138;-23;0;;
SPE00120566;2018-12-30;142;-17;0;;
SPE00120566;2018-12-31;149;-18;0;;
SPE00120566;2019-01-01;157;-19;0;;
SPE00120566;2019-01-02;135;-29;0;;
SPE00120566;2019-01-03;137;-26;0;;
SPE00120566;2019-01-04;138;-19;0;;
SPE00120566;2019-01-05;138;-35;0;;
SPE00120566;2019-01-06;162;-42;0;;
SPE00120566;2019-01-07;163;-44;0;;
SPE00120566;2019-01-08;147;-30;0;;
SPE00120566;2019-01-09;163;-26;0;;
SPE00120566;2019-01-10;111;-18;0;;
SPE00120566;2019-01-11;97;-37;0;;
SPE00120566;2019-01-12;118;-29;0;;
SPE00120566;2019-01-13;130;-39;0;;
SPE00120566;2019-01-14;172;-22;0;;
SPE00120566;2019-01-15;146;-13;0;;
SPE00120566;2019-01-16;113;-26;0;;
SPE00120566;2019-01-17;72;-7;0;;
SPE00120566;2019-01-18;87;-17;0;;
SPE00120566;2019-01-19;62;-19;34;;
SPE00120566;2019-01-20;119;40;0;;
SPE00120566;2019-01-21;120;17;0;;
SPE00120566;2019-01-22;96;-9;0;;
SPE00120566;2019-01-23;151;66;0;;
SPE00120566;2019-01-24;181;78;0;;
SPE00120566;2019-01-25;190;51;0;;
SPE00120566;2019-01-26;173;-6;0;;
SPE00120566;2019-01-27;138;18;0;;
SPE00120566;2019-01-28;153;15;0;;
SPE00120566;2019-01-29;123;22;0;;
SPE00120566;2019-01-30;125;42;14;;
SPE00120566;2019-01-31;148;93;46;;
SPE00120566;2019-02-01;124;47;12;;
SPE00120566;2019-02-02;105;19;0;;
SPE00120566;2019-02-03;106;12;0;;
SPE00120566;2019-02-04;141;-29;0;;
SPE00120566;2019-02-05;184;-12;0;;
SPE00120566;2019-02-06;186;0;0;;
SPE00120566;2019-02-07;185;22;0;;
SPE00120566;2019-02-08;174;-4;0;;
SPE00120566;2019-02-09;164;21;0;;
SPE00120566;2019-02-10;146;67;0;;
SPE00120566;2019-02-11;166;50;0;;
SPE00120566;2019-02-12;165;8;0;;
SPE00120566;2019-02-13;178;5;0;;
SPE00120566;2019-02-14;169;32;0;;
SPE00120566;2019-02-15;163;28;0;;
SPE00120566;2019-02-16;189;31;0;;
SPE00120566;2019-02-17;193;21;0;;
SPE00120566;2019-02-18;168;48;0;;
SPE00120566;2019-02-19;178;20;0;;
SPE00120566;2019-02-20;187;33;0;;
SPE00120566;2019-02-21;202;8;0;;
SPE00120566;2019-02-22;228;4;0;;
SPE00120566;2019-02-23;210;-2;0;;
SPE00120566;2019-02-24;223;30;0;;
SPE00120566;2019-02-25;222;37;0;;
SPE00120566;2019-02-26;237;46;0;;
SPE00120566;2019-02-27;234;23;0;;
SPE00120566;2019-02-28;204;32;0;;
SPE00120566;2019-03-01;216;37;0;;
SPE00120566;2019-03-02;224;79;0;;
SPE00120566;2019-03-03;231;36;0;;
SPE00120566;2019-03-04;173;78;0;;
SPE00120566;2019-03-05;179;96;0;;
SPE00120566;2019-03-06;165;69;28;;
SPE00120566;2019-03-07;145;36;0;;
SPE00120566;2019-03-08;181;66;0;;
SPE00120566;2019-03-09;210;32;0;;
SPE00120566;2019-03-10;250;56;0;;
SPE00120566;2019-03-11;224;84;0;;
SPE00120566;2019-03-12;242;43;0;;
SPE00120566;2019-03-13;166;64;0;;
SPE00120566;2019-03-14;208;9;0;;
SPE00120566;2019-03-15;261;23;0;;
SPE00120566;2019-03-16;274;41;0;;
SPE00120566;2019-03-17;217;83;0;;
SPE00120566;2019-03-18;173;66;0;;
SPE00120566;2019-03-19;184;44;0;;
SPE00120566;2019-03-20;166;35;0;;
SPE00120566;2019-03-21;176;36;0;;
SPE00120566;2019-03-22;197;31;0;;
SPE00120566;2019-03-23;216;58;0;;
SPE00120566;2019-03-24;226;78;0;;
SPE00120566;2019-03-25;236;62;0;;
SPE00120566;2019-03-26;234;48;0;;
SPE00120566;2019-03-27;197;48;0;;
SPE00120566;2019-03-28;208;49;0;;
SPE00120566;2019-03-29;204;61;0;;
SPE00120566;2019-03-30;210;61;0;;
SPE00120566;2019-03-31;146;91;4;;
SPE00120566;2019-04-01;200;97;6;;
SPE00120566;2019-04-02;206;74;2;;
SPE00120566;2019-04-03;192;73;0;;
SPE00120566;2019-04-04;179;26;4;;
SPE00120566;2019-04-05;111;61;14;;
SPE00120566;2019-04-06;126;44;16;;
SPE00120566;2019-04-07;144;62;10;;
SPE00120566;2019-04-08;182;85;2;;
SPE00120566;2019-04-09;154;68;0;;
SPE00120566;2019-04-10;144;59;8;;
SPE00120566;2019-04-11;190;38;0;;
SPE00120566;2019-04-12;213;35;0;;
SPE00120566;2019-04-13;241;63;0;;
SPE00120566;2019-04-14;253;111;0;;
SPE00120566;2019-04-15;269;108;0;;
SPE00120566;2019-04-16;246;85;0;;
SPE00120566;2019-04-17;258;109;22;;
SPE00120566;2019-04-18;143;100;160;;
SPE00120566;2019-04-19;140;92;134;;
SPE00120566;2019-04-20;207;90;4;;
SPE00120566;2019-04-21;169;93;0;;
SPE00120566;2019-04-22;212;68;16;;
SPE00120566;2019-04-24;155;60;50;;
SPE00120566;2019-04-25;138;79;28;;
SPE00120566;2019-04-26;196;64;0;;
SPE00120566;2019-04-27;237;67;0;;
SPE00120566;2019-04-28;265;96;0;;
SPE00120566;2019-04-29;283;110;0;;
SPE00120566;2019-04-30;288;118;0;;
SPE00120566;2019-05-01;289;127;0;;
SPE00120566;2019-05-02;284;128;0;;
SPE00120566;2019-05-03;242;115;0;;
SPE00120566;2019-05-04;251;69;0;;
SPE00120566;2019-05-05;267;92;0;;
SPE00120566;2019-05-06;265;102;0;;
SPE00120566;2019-05-07;254;120;0;;
SPE00120566;2019-05-08;200;144;6;;
SPE00120566;2019-05-09;229;116;2;;
SPE00120566;2019-05-10;260;149;0;;
SPE00120566;2019-05-11;299;134;0;;
SPE00120566;2019-05-12;297;105;0;;
SPE00120566;2019-05-13;324;102;0;;
SPE00120566;2019-05-14;315;121;0;;
SPE00120566;2019-05-15;349;143;0;;
SPE00120566;2019-05-16;318;137;0;;
SPE00120566;2019-05-17;221;99;0;;
SPE00120566;2019-05-18;205;97;0;;
SPE00120566;2019-05-19;232;89;0;;
SPE00120566;2019-05-20;252;89;0;;
SPE00120566;2019-05-21;278;143;0;;
SPE00120566;2019-05-22;304;125;0;;
SPE00120566;2019-05-23;308;147;0;;
SPE00120566;2019-05-24;269;154;0;;
SPE00120566;2019-05-25;268;107;0;;
SPE00120566;2019-05-26;297;109;0;;
SPE00120566;2019-05-27;324;138;0;;
SPE00120566;2019-05-28;295;145;0;;
SPE00120566;2019-05-29;288;118;0;;
SPE00120566;2019-05-30;314;135;0;;
SPE00120566;2019-05-31;334;161;0;;
SPE00120566;2019-06-01;350;158;0;;
SPE00120566;2019-06-02;363;169;0;;
SPE00120566;2019-06-03;355;198;0;;
SPE00120566;2019-06-04;304;177;0;;
SPE00120566;2019-06-05;233;124;0;;
SPE00120566;2019-06-06;261;112;0;;
SPE00120566;2019-06-07;240;109;0;;
SPE00120566;2019-06-08;317;100;0;;
SPE00120566;2019-06-09;284;145;0;;
SPE00120566;2019-06-10;283;137;0;;
SPE00120566;2019-06-11;236;131;0;;
SPE00120566;2019-06-12;282;96;0;;
SPE00120566;2019-06-13;310;125;0;;
SPE00120566;2019-06-14;256;143;0;;
SPE00120566;2019-06-15;274;109;0;;
SPE00120566;2019-06-16;322;118;0;;
SPE00120566;2019-06-17;340;152;0;;
SPE00120566;2019-06-18;323;207;0;;
SPE00120566;2019-06-19;281;170;0;;
SPE00120566;2019-06-20;302;163;0;;
SPE00120566;2019-06-21;312;164;0;;
SPE00120566;2019-06-22;342;173;0;;
SPE00120566;2019-06-23;363;183;0;;
SPE00120566;2019-06-24;352;204;0;;
SPE00120566;2019-06-25;375;185;0;;
SPE00120566;2019-06-26;381;219;0;;
SPE00120566;2019-06-27;400;227;0;;
SPE00120566;2019-06-28;417;222;0;;
SPE00120566;2019-06-29;419;232;0;;
SPE00120566;2019-06-30;399;250;0;;
SPE00120566;2019-07-01;363;226;0;;
SPE00120566;2019-07-02;367;201;0;;
SPE00120566;2019-07-03;372;218;0;;
SPE00120566;2019-07-04;357;220;8;;
SPE00120566;2019-07-05;359;206;0;;
SPE00120566;2019-07-06;365;199;0;;
SPE00120566;2019-07-07;364;200;0;;
SPE00120566;2019-07-08;315;182;0;;
SPE00120566;2019-07-09;323;156;0;;
SPE00120566;2019-07-10;346;181;0;;
SPE00120566;2019-07-11;398;182;0;;
SPE00120566;2019-07-12;410;217;2;;
SPE00120566;2019-07-13;369;238;4;;
SPE00120566;2019-07-14;347;206;0;;
SPE00120566;2019-07-15;377;208;0;;
SPE00120566;2019-07-16;396;216;0;;
SPE00120566;2019-07-17;352;218;0;;
SPE00120566;2019-07-18;380;212;0;;
SPE00120566;2019-07-19;396;221;0;;
SPE00120566;2019-07-20;400;229;0;;
SPE00120566;2019-07-21;408;244;0;;
SPE00120566;2019-07-22;401;234;10;;
SPE00120566;2019-07-23;405;214;66;;
SPE00120566;2019-07-24;395;202;0;;
SPE00120566;2019-07-25;387;235;0;;
SPE00120566;2019-07-26;321;226;0;;
SPE00120566;2019-07-27;274;180;0;;
SPE00120566;2019-07-28;323;168;0;;
SPE00120566;2019-07-29;340;209;0;;
SPE00120566;2019-07-30;332;170;0;;
SPE00120566;2019-07-31;374;194;0;;
SPE00120566;2019-08-01;362;204;0;;
SPE00120566;2019-08-02;378;201;0;;
SPE00120566;2019-08-03;382;198;0;;
SPE00120566;2019-08-04;378;218;0;;
SPE00120566;2019-08-05;383;219;0;;
SPE00120566;2019-08-06;380;225;0;;
SPE00120566;2019-08-07;279;214;0;;
SPE00120566;2019-08-08;360;196;0;;
SPE00120566;2019-08-09;334;212;0;;
SPE00120566;2019-08-10;339;179;0;;
SPE00120566;2019-08-11;309;197;0;;
SPE00120566;2019-08-12;299;155;0;;
SPE00120566;2019-08-13;324;175;0;;
SPE00120566;2019-08-14;356;159;0;;
SPE00120566;2019-08-15;378;196;0;;
SPE00120566;2019-08-16;382;208;0;;
SPE00120566;2019-08-17;390;225;0;;
SPE00120566;2019-08-18;368;229;0;;
SPE00120566;2019-08-19;346;208;0;;
SPE00120566;2019-08-20;341;219;0;;
SPE00120566;2019-08-21;336;216;0;;
SPE00120566;2019-08-22;348;169;0;;
SPE00120566;2019-08-23;347;197;0;;
SPE00120566;2019-08-24;366;199;0;;
SPE00120566;2019-08-25;348;210;0;;
SPE00120566;2019-08-26;324;177;42;;
SPE00120566;2019-08-27;301;155;0;;
SPE00120566;2019-08-28;338;170;0;;
SPE00120566;2019-08-29;366;196;0;;
SPE00120566;2019-08-30;372;210;0;;
SPE00120566;2019-08-31;362;181;0;;
SPE00120566;2019-09-01;359;206;0;;
SPE00120566;2019-09-02;345;194;0;;
SPE00120566;2019-09-03;363;200;0;;
SPE00120566;2019-09-04;361;184;0;;
SPE00120566;2019-09-05;307;184;0;;
SPE00120566;2019-09-06;289;125;0;;
SPE00120566;2019-09-07;309;155;0;;
SPE00120566;2019-09-08;317;172;0;;
SPE00120566;2019-09-09;313;176;0;;
SPE00120566;2019-09-10;238;137;0;;
SPE00120566;2019-09-11;277;124;0;;
SPE00120566;2019-09-12;290;153;0;;
SPE00120566;2019-09-13;218;171;12;;
SPE00120566;2019-09-14;198;154;184;;
SPE00120566;2019-09-15;268;159;6;;
SPE00120566;2019-09-16;276;175;0;;
SPE00120566;2019-09-17;308;172;0;;
SPE00120566;2019-09-18;306;142;0;;
SPE00120566;2019-09-19;308;165;0;;
SPE00120566;2019-09-20;281;186;0;;
SPE00120566;2019-09-23;267;135;;;
SPE00120566;2019-09-24;289;135;;;
SPE00120566;2019-09-25;274;145;;;
SPE00120566;2019-09-26;306;138;;;
SPE00120566;2019-09-27;311;156;;;
SPE00120566;2019-09-28;323;134;0;;
SPE00120566;2019-09-29;321;123;0;;
SPE00120566;2019-09-30;328;125;0;;
SPE00120566;2019-10-01;;;4;;
SPE00120566;2019-10-02;262;127;0;;
SPE00120566;2019-10-03;284;113;0;;
SPE00120566;2019-10-04;306;117;0;;
SPE00120566;2019-10-05;294;126;0;;
SPE00120566;2019-10-06;305;139;0;;
SPE00120566;2019-10-07;309;144;0;;
SPE00120566;2019-10-08;326;137;0;;
SPE00120566;2019-10-09;315;148;0;;
SPE00120566;2019-10-10;302;139;0;;
SPE00120566;2019-10-11;300;165;0;;
SPE00120566;2019-10-12;299;180;0;;
SPE00120566;2019-10-13;276;160;0;;
SPE00120566;2019-10-14;223;96;0;;
SPE00120566;2019-10-15;186;68;0;;
SPE00120566;2019-10-16;209;83;0;;
SPE00120566;2019-10-17;203;107;0;;
SPE00120566;2019-10-18;235;149;0;;
SPE00120566;2019-10-19;198;116;0;;
SPE00120566;2019-10-20;134;88;0;;
SPE00120566;2019-10-21;172;53;0;;
SPE00120566;2019-10-22;127;62;119;;
SPE00120566;2019-10-23;113;81;44;;
SPE00120566;2019-10-24;181;75;0;;
SPE00120566;2019-10-25;227;68;0;;
SPE00120566;2019-10-26;253;79;0;;
SPE00120566;2019-10-27;238;85;0;;
SPE00120566;2019-10-28;239;121;0;;
SPE00120566;2019-10-29;223;126;0;;
SPE00120566;2019-10-30;221;103;0;;
SPE00120566;2019-10-31;231;159;0;;
SPE00120566;2019-11-01;227;166;6;;
SPE00120566;2019-11-02;208;147;8;;
SPE00120566;2019-11-03;196;143;0;;
SPE00120566;2019-11-04;181;113;26;;
SPE00120566;2019-11-05;164;83;0;;
SPE00120566;2019-11-06;163;57;0;;
SPE00120566;2019-11-07;171;72;0;;
SPE00120566;2019-11-08;142;43;0;;
SPE00120566;2019-11-09;130;36;88;;
SPE00120566;2019-11-10;110;63;0;;
SPE00120566;2019-11-11;121;54;0;;
SPE00120566;2019-11-12;149;35;2;;
SPE00120566;2019-11-13;191;119;0;;
SPE00120566;2019-11-14;120;41;40;;
SPE00120566;2019-11-15;108;47;0;;
SPE00120566;2019-11-16;121;32;0;;
SPE00120566;2019-11-17;91;22;90;;
SPE00120566;2019-11-18;128;32;0;;
SPE00120566;2019-11-19;129;0;0;;
SPE00120566;2019-11-20;100;39;52;;
SPE00120566;2019-11-21;120;63;8;;
SPE00120566;2019-11-22;141;69;42;;
SPE00120566;2019-11-23;142;74;0;;
SPE00120566;2019-11-24;129;40;10;;
SPE00120566;2019-11-25;168;97;2;;
SPE00120566;2019-11-26;168;100;16;;
SPE00120566;2019-11-27;146;93;0;;
SPE00120566;2019-11-28;143;81;0;;
SPE00120566;2019-11-29;162;121;0;;
SPE00120566;2019-11-30;181;87;42;;
SPE00120566;2019-12-01;121;72;134;;
SPE00120566;2019-12-02;115;71;2;;
SPE00120566;2019-12-03;99;54;2;;
SPE00120566;2019-12-04;83;60;30;;
SPE00120566;2019-12-05;135;74;0;;
SPE00120566;2019-12-06;143;52;0;;
SPE00120566;2019-12-07;118;32;0;;
SPE00120566;2019-12-08;85;14;6;;
SPE00120566;2019-12-09;118;69;0;;
SPE00120566;2019-12-10;111;16;0;;
SPE00120566;2019-12-11;107;5;0;;
SPE00120566;2019-12-12;129;26;0;;
SPE00120566;2019-12-13;160;97;0;;
SPE00120566;2019-12-14;117;88;0;;
SPE00120566;2019-12-15;160;97;0;;
SPE00120566;2019-12-16;187;75;0;;
SPE00120566;2019-12-17;134;78;2;;
SPE00120566;2019-12-18;132;41;10;;
SPE00120566;2019-12-19;160;109;106;;
SPE00120566;2019-12-20;163;119;204;;
SPE00120566;2019-12-21;191;126;10;;
SPE00120566;2019-12-22;154;106;0;;
SPE00120566;2019-12-23;146;57;0;;
SPE00120566;2019-12-24;152;34;0;;
SPE00120566;2019-12-25;176;27;0;;
SPE00120566;2019-12-26;135;30;0;;
SPE00120566;2019-12-27;144;20;0;;
SPE00120566;2019-12-28;133;-11;0;;
SPE00120566;2019-12-29;144;11;0;;
SPE00120566;2019-12-30;110;-6;0;;
SPE00120566;2019-12-31;123;-12;0;;
SPE00120566;2020-01-01;111;-16;0;;
SPE00120566;2020-01-02;124;-15;0;;
SPE00120566;2020-01-03;95;-2;0;;
SPE00120566;2020-01-04;123;10;0;;
SPE00120566;2020-01-05;126;-20;0;;
SPE00120566;2020-01-06;143;-12;0;;
SPE00120566;2020-01-07;148;-11;0;;
SPE00120566;2020-01-08;151;-9;0;;
SPE00120566;2020-01-09;145;8;0;;
SPE00120566;2020-01-10;130;37;0;;
SPE00120566;2020-01-11;127;-9;0;;
SPE00120566;2020-01-12;119;-32;0;;
SPE00120566;2020-01-13;93;-31;0;;
SPE00120566;2020-01-14;132;-26;0;;
SPE00120566;2020-01-15;106;20;0;;
SPE00120566;2020-01-16;175;66;0;;
SPE00120566;2020-01-17;143;64;14;;
SPE00120566;2020-01-18;112;60;100;;
SPE00120566;2020-01-19;102;45;0;;
SPE00120566;2020-01-20;73;32;0;;
SPE00120566;2020-01-21;87;40;24;;
SPE00120566;2020-01-22;114;39;2;;
SPE00120566;2020-01-23;122;17;44;;
SPE00120566;2020-01-24;118;63;50;;
SPE00120566;2020-01-25;97;65;54;;
SPE00120566;2020-01-26;117;48;0;;
SPE00120566;2020-01-27;122;40;0;;
SPE00120566;2020-01-28;143;95;0;;
SPE00120566;2020-01-29;152;106;0;;
SPE00120566;2020-01-30;135;80;0;;
SPE00120566;2020-01-31;150;95;2;;
SPE00120566;2020-02-01;171;110;2;;
SPE00120566;2020-02-02;146;84;0;;
SPE00120566;2020-02-03;152;61;0;;
SPE00120566;2020-02-04;190;33;0;;
SPE00120566;2020-02-05;160;30;0;;
SPE00120566;2020-02-06;142;56;0;;
SPE00120566;2020-02-07;160;52;0;;
SPE00120566;2020-02-08;124;51;8;;
SPE00120566;2020-02-09;154;21;0;;
SPE00120566;2020-02-10;178;61;0;;
SPE00120566;2020-02-11;120;59;0;;
SPE00120566;2020-02-12;118;92;0;;
SPE00120566;2020-02-13;148;78;0;;
SPE00120566;2020-02-14;128;35;0;;
SPE00120566;2020-02-15;179;20;0;;
SPE00120566;2020-02-16;192;32;0;;
SPE00120566;2020-02-17;151;75;0;;
SPE00120566;2020-02-18;160;45;0;;
SPE00120566;2020-02-19;167;30;0;;
SPE00120566;2020-02-20;181;13;0;;
SPE00120566;2020-02-21;206;17;0;;
SPE00120566;2020-02-22;228;6;0;;
SPE00120566;2020-02-23;227;9;0;;
SPE00120566;2020-02-24;219;20;0;;
SPE00120566;2020-02-25;187;38;0;;
SPE00120566;2020-02-26;174;53;0;;
SPE00120566;2020-02-27;192;31;0;;
SPE00120566;2020-02-28;211;38;0;;
SPE00120566;2020-02-29;160;79;0;;
SPE00120566;2020-03-01;166;98;32;;
SPE00120566;2020-03-02;141;71;0;;
SPE00120566;2020-03-03;161;56;0;;
SPE00120566;2020-03-04;183;114;0;;
SPE00120566;2020-03-05;165;85;0;;
SPE00120566;2020-03-06;144;65;0;;
SPE00120566;2020-03-07;171;47;0;;
SPE00120566;2020-03-08;174;12;0;;
SPE00120566;2020-03-09;196;55;0;;
SPE00120566;2020-03-10;241;61;0;;
SPE00120566;2020-03-11;270;66;0;;
SPE00120566;2020-03-12;273;84;0;;
SPE00120566;2020-03-13;243;91;0;;
SPE00120566;2020-03-14;236;82;0;;
SPE00120566;2020-03-15;216;85;116;;
SPE00120566;2020-03-16;107;39;48;;
SPE00120566;2020-03-17;180;19;0;;
SPE00120566;2020-03-18;167;87;0;;
SPE00120566;2020-03-19;178;76;26;;
SPE00120566;2020-03-20;173;86;8;;
SPE00120566;2020-03-21;122;70;36;;
SPE00120566;2020-03-22;158;55;12;;
SPE00120566;2020-03-23;159;85;46;;
SPE00120566;2020-03-24;159;88;0;;
SPE00120566;2020-03-25;183;64;0;;
SPE00120566;2020-03-26;183;65;0;;
SPE00120566;2020-03-27;105;28;2;;
SPE00120566;2020-03-28;169;7;0;;
SPE00120566;2020-03-29;206;28;0;;
SPE00120566;2020-03-30;124;19;92;;
SPE00120566;2020-03-31;162;22;60;;
SPE00120566;2020-04-01;151;58;2;;
SPE00120566;2020-04-02;174;42;0;;
SPE00120566;2020-04-03;192;55;0;;
SPE00120566;2020-04-04;198;65;4;;
SPE00120566;2020-04-05;225;92;2;;
SPE00120566;2020-04-06;197;130;96;;
SPE00120566;2020-04-07;199;124;14;;
SPE00120566;2020-04-08;235;103;4;;
SPE00120566;2020-04-09;162;110;158;;
SPE00120566;2020-04-10;183;115;2;;
SPE00120566;2020-04-11;206;106;16;;
SPE00120566;2020-04-12;215;96;26;;
SPE00120566;2020-04-13;190;97;6;;
SPE00120566;2020-04-14;199;111;166;;
SPE00120566;2020-04-15;183;100;8;;
SPE00120566;2020-04-16;204;104;34;;
SPE00120566;2020-04-17;193;119;0;;
SPE00120566;2020-04-18;218;103;48;;
SPE00120566;2020-04-19;196;99;14;;
SPE00120566;2020-04-20;178;78;8;;
SPE00120566;2020-04-21;164;80;2;;
SPE00120566;2020-04-22;214;101;0;;
SPE00120566;2020-04-23;222;107;0;;
SPE00120566;2020-04-24;237;114;0;;
SPE00120566;2020-04-25;231;105;0;;
SPE00120566;2020-04-26;206;112;0;;
SPE00120566;2020-04-27;169;94;46;;
SPE00120566;2020-04-28;184;76;0;;
SPE00120566;2020-04-29;209;74;2;;
SPE00120566;2020-04-30;191;106;0;;
SPE00120566;2020-05-01;219;120;0;;
SPE00120566;2020-05-02;281;128;0;;
SPE00120566;2020-05-03;323;116;0;;
SPE00120566;2020-05-04;325;154;0;;
SPE00120566;2020-05-05;261;134;0;;
SPE00120566;2020-05-06;272;119;0;;
SPE00120566;2020-05-07;288;123;0;;
SPE00120566;2020-05-08;302;149;0;;
SPE00120566;2020-05-09;252;128;2;;
SPE00120566;2020-05-10;185;99;4;;
SPE00120566;2020-05-11;201;118;16;;
SPE00120566;2020-05-12;176;106;128;;
SPE00120566;2020-05-13;209;96;74;;
SPE00120566;2020-05-14;170;98;0;;
SPE00120566;2020-05-15;200;98;24;;
SPE00120566;2020-05-16;202;108;8;;
SPE00120566;2020-05-17;241;111;0;;
SPE00120566;2020-05-18;292;116;0;;
SPE00120566;2020-05-19;307;126;0;;
SPE00120566;2020-05-20;321;142;0;;
SPE00120566;2020-05-21;329;160;0;;
SPE00120566;2020-05-22;343;169;0;;
SPE00120566;2020-05-23;349;183;0;;
SPE00120566;2020-05-24;337;164;0;;
SPE00120566;2020-05-25;318;179;0;;
SPE00120566;2020-05-26;270;166;0;;
SPE00120566;2020-05-27;306;146;0;;
SPE00120566;2020-05-28;297;147;0;;
SPE00120566;2020-05-29;324;146;0;;
SPE00120566;2020-05-30;344;173;0;;
SPE00120566;2020-05-31;340;167;44;;
SPE00120566;2020-06-01;299;157;0;;
SPE00120566;2020-06-02;316;173;0;;
SPE00120566;2020-06-03;294;178;0;;
SPE00120566;2020-06-04;253;154;6;;
SPE00120566;2020-06-05;295;111;0;;
SPE00120566;2020-06-06;291;169;0;;
SPE00120566;2020-06-07;260;149;2;;
SPE00120566;2020-06-08;255;125;0;;
SPE00120566;2020-06-09;269;105;0;;
SPE00120566;2020-06-10;290;122;0;;
SPE00120566;2020-06-11;257;144;0;;
SPE00120566;2020-06-12;219;105;28;;
SPE00120566;2020-06-13;251;97;0;;
SPE00120566;2020-06-14;274;136;0;;
SPE00120566;2020-06-15;289;140;0;;
SPE00120566;2020-06-16;282;149;0;;
SPE00120566;2020-06-17;285;141;0;;
SPE00120566;2020-06-18;314;148;0;;
SPE00120566;2020-06-19;322;157;0;;
SPE00120566;2020-06-20;341;178;0;;
SPE00120566;2020-06-21;359;186;0;;
SPE00120566;2020-06-22;375;193;0;;
SPE00120566;2020-06-23;393;207;0;;
SPE00120566;2020-06-24;344;203;38;;
SPE00120566;2020-06-25;360;213;0;;
SPE00120566;2020-06-26;326;205;0;;
SPE00120566;2020-06-27;333;187;0;;
SPE00120566;2020-06-28;366;196;0;;
SPE00120566;2020-06-29;381;213;0;;
SPE00120566;2020-06-30;400;209;0;;
SPE00120566;2020-07-01;366;231;0;;
SPE00120566;2020-07-02;336;210;0;;
SPE00120566;2020-07-03;343;176;0;;
SPE00120566;2020-07-04;367;182;0;;
SPE00120566;2020-07-05;387;196;0;;
SPE00120566;2020-07-06;394;207;0;;
SPE00120566;2020-07-07;407;223;2;;
SPE00120566;2020-07-08;381;234;0;;
SPE00120566;2020-07-09;372;202;10;;
SPE00120566;2020-07-10;360;181;0;;
SPE00120566;2020-07-11;385;216;0;;
SPE00120566;2020-07-12;368;226;0;;
SPE00120566;2020-07-13;363;192;0;;
SPE00120566;2020-07-14;361;209;0;;
SPE00120566;2020-07-15;351;180;0;;
SPE00120566;2020-07-16;373;189;0;;
SPE00120566;2020-07-17;384;215;0;;
SPE00120566;2020-07-18;386;185;0;;
SPE00120566;2020-07-19;388;188;0;;
SPE00120566;2020-07-20;394;206;0;;
SPE00120566;2020-07-21;349;220;48;;
SPE00120566;2020-07-22;351;188;0;;
SPE00120566;2020-07-23;382;210;0;;
SPE00120566;2020-07-24;390;239;0;;
SPE00120566;2020-07-25;392;215;0;;
SPE00120566;2020-07-26;417;233;0;;
SPE00120566;2020-07-27;425;239;0;;
SPE00120566;2020-07-28;387;242;0;;
SPE00120566;2020-07-29;405;237;0;;
SPE00120566;2020-07-30;418;237;0;;
SPE00120566;2020-07-31;410;227;0;;
SPE00120566;2020-08-01;391;243;0;;
SPE00120566;2020-08-02;380;228;0;;
SPE00120566;2020-08-03;348;208;0;;
SPE00120566;2020-08-04;355;191;0;;
SPE00120566;2020-08-05;384;205;0;;
SPE00120566;2020-08-06;409;234;0;;
SPE00120566;2020-08-07;414;233;0;;
SPE00120566;2020-08-08;385;241;0;;
SPE00120566;2020-08-09;408;240;2;;
SPE00120566;2020-08-10;345;229;0;;
SPE00120566;2020-08-11;262;165;158;;
SPE00120566;2020-08-12;300;143;0;;
SPE00120566;2020-08-13;328;172;0;;
SPE00120566;2020-08-14;345;179;0;;
SPE00120566;2020-08-15;309;181;0;;
SPE00120566;2020-08-16;297;157;0;;
SPE00120566;2020-08-17;299;169;0;;
SPE00120566;2020-08-18;327;190;0;;
SPE00120566;2020-08-19;355;205;0;;
SPE00120566;2020-08-20;375;190;0;;
SPE00120566;2020-08-21;350;203;0;;
SPE00120566;2020-08-22;351;194;0;;
SPE00120566;2020-08-23;356;179;0;;
SPE00120566;2020-08-24;366;185;0;;
SPE00120566;2020-08-25;384;189;0;;
SPE00120566;2020-08-26;396;205;0;;
SPE00120566;2020-08-27;392;210;0;;
SPE00120566;2020-08-28;336;206;0;;
SPE00120566;2020-08-29;263;143;0;;
SPE00120566;2020-08-30;256;114;0;;
SPE00120566;2020-08-31;282;112;0;;
SPE00120566;2020-09-01;312;136;0;;
SPE00120566;2020-09-02;318;136;0;;
SPE00120566;2020-09-03;346;144;0;;
SPE00120566;2020-09-04;335;184;0;;
SPE00120566;2020-09-05;355;179;0;;
SPE00120566;2020-09-06;356;192;0;;
SPE00120566;2020-09-07;287;164;0;;
SPE00120566;2020-09-08;287;135;0;;
SPE00120566;2020-09-09;314;149;0;;
SPE00120566;2020-09-10;325;143;0;;
SPE00120566;2020-09-11;336;164;0;;
SPE00120566;2020-09-12;353;159;0;;
SPE00120566;2020-09-13;348;199;0;;
SPE00120566;2020-09-14;337;192;2;;
SPE00120566;2020-09-15;323;196;0;;
SPE00120566;2020-09-16;331;166;14;;
SPE00120566;2020-09-17;280;179;70;;
SPE00120566;2020-09-18;232;151;72;;
SPE00120566;2020-09-19;238;148;0;;
SPE00120566;2020-09-20;240;161;0;;
SPE00120566;2020-09-21;260;145;0;;
SPE00120566;2020-09-22;270;144;2;;
SPE00120566;2020-09-23;259;176;0;;
SPE00120566;2020-09-24;228;150;30;;
SPE00120566;2020-09-25;220;113;0;;
SPE00120566;2020-09-26;227;104;0;;
SPE00120566;2020-09-27;245;122;0;;
SPE00120566;2020-09-28;258;73;0;;
SPE00120566;2020-09-29;287;103;0;;
SPE00120566;2020-09-30;290;103;0;;
SPE00120566;2020-10-01;248;133;0;;
SPE00120566;2020-10-02;193;103;18;;
SPE00120566;2020-10-03;189;71;0;;
SPE00120566;2020-10-04;198;89;0;;
SPE00120566;2020-10-05;215;84;0;;
SPE00120566;2020-10-06;277;104;0;;
SPE00120566;2020-10-07;285;127;0;;
SPE00120566;2020-10-08;283;105;0;;
SPE00120566;2020-10-09;296;109;0;;
SPE00120566;2020-10-10;276;125;0;;
SPE00120566;2020-10-11;213;89;0;;
SPE00120566;2020-10-12;211;56;0;;
SPE00120566;2020-10-13;247;80;0;;
SPE00120566;2020-10-14;200;106;0;;
SPE00120566;2020-10-15;196;61;0;;
SPE00120566;2020-10-16;183;38;0;;
SPE00120566;2020-10-17;212;27;0;;
SPE00120566;2020-10-18;230;44;0;;
SPE00120566;2020-10-19;288;67;0;;
SPE00120566;2020-10-20;250;135;38;;
SPE00120566;2020-10-21;200;144;66;;
SPE00120566;2020-10-22;203;120;38;;
SPE00120566;2020-10-23;170;97;2;;
SPE00120566;2020-10-24;183;68;0;;
SPE00120566;2020-10-25;172;106;42;;
SPE00120566;2020-10-26;156;71;0;;
SPE00120566;2020-10-27;160;47;0;;
SPE00120566;2020-10-28;186;98;0;;
SPE00120566;2020-10-29;193;100;0;;
SPE00120566;2020-10-30;226;53;0;;
SPE00120566;2020-10-31;251;78;0;;
SPE00120566;2020-11-01;231;78;0;;
SPE00120566;2020-11-02;231;79;0;;
SPE00120566;2020-11-03;171;113;6;;
SPE00120566;2020-11-04;128;95;24;;
SPE00120566;2020-11-05;150;102;28;;
SPE00120566;2020-11-06;200;135;56;;
SPE00120566;2020-11-07;177;100;14;;
SPE00120566;2020-11-08;196;69;34;;
SPE00120566;2020-11-09;186;102;2;;
SPE00120566;2020-11-10;165;61;0;;
SPE00120566;2020-11-11;176;33;0;;
SPE00120566;2020-11-12;175;73;0;;
SPE00120566;2020-11-13;181;62;0;;
SPE00120566;2020-11-14;146;98;24;;
SPE00120566;2020-11-15;201;111;0;;
SPE00120566;2020-11-16;202;121;0;;
SPE00120566;2020-11-17;130;84;4;;
SPE00120566;2020-11-18;115;87;2;;
SPE00120566;2020-11-19;218;83;0;;
SPE00120566;2020-11-20;190;61;0;;
SPE00120566;2020-11-21;175;40;0;;
SPE00120566;2020-11-22;151;23;0;;
SPE00120566;2020-11-23;165;4;0;;
SPE00120566;2020-11-24;158;6;0;;
SPE00120566;2020-11-25;171;53;22;;
SPE00120566;2020-11-26;143;97;12;;
SPE00120566;2020-11-27;111;82;68;;
SPE00120566;2020-11-28;118;67;0;;
SPE00120566;2020-11-29;138;52;0;;
SPE00120566;2020-11-30;160;42;0;;
SPE00120566;2020-12-01;175;36;0;;
SPE00120566;2020-12-02;136;20;0;;
SPE00120566;2020-12-03;113;-17;2;;
SPE00120566;2020-12-04;98;19;4;;
SPE00120566;2020-12-05;89;-5;0;;
SPE00120566;2020-12-06;95;11;0;;
SPE00120566;2020-12-07;140;80;132;;
SPE00120566;2020-12-08;122;45;0;;
SPE00120566;2020-12-09;109;8;2;;
SPE00120566;2020-12-10;144;66;18;;
SPE00120566;2020-12-11;175;131;0;;
SPE00120566;2020-12-12;160;86;0;;
SPE00120566;2020-12-13;162;43;0;;
SPE00120566;2020-12-14;164;77;30;;
SPE00120566;2020-12-15;134;68;0;;
SPE00120566;2020-12-16;132;69;10;;
SPE00120566;2020-12-17;150;79;0;;
SPE00120566;2020-12-18;89;59;0;;
SPE00120566;2020-12-19;96;75;56;;
SPE00120566;2020-12-20;138;71;0;;
SPE00120566;2020-12-21;112;62;0;;
SPE00120566;2020-12-22;96;78;0;;
SPE00120566;2020-12-23;125;60;0;;
SPE00120566;2020-12-24;120;66;30;;
SPE00120566;2020-12-25;101;10;0;;
SPE00120566;2020-12-26;108;-32;0;;
SPE00120566;2020-12-27;98;-28;10;;
SPE00120566;2020-12-28;106;46;2;;
SPE00120566;2020-12-29;91;13;0;;
SPE00120566;2020-12-30;101;-11;0;;
SPE00120566;2020-12-31;91;-16;58;;
SPE00120566;2021-01-01;88;19;0;;
SPE00120566;2021-01-02;69;-15;0;;
SPE00120566;2021-01-03;84;-27;0;;
SPE00120566;2021-01-04;85;-3;0;;
SPE00120566;2021-01-05;80;-34;0;;
SPE00120566;2021-01-06;61;-55;10;;
SPE00120566;2021-01-07;23;-7;92;;
SPE00120566;2021-01-08;10;-11;366;;
SPE00120566;2021-01-09;18;-24;90;;
SPE00120566;2021-01-10;43;-41;;;
SPE00120566;2021-01-11;52;-80;;;
SPE00120566;2021-01-12;9;-134;;;
SPE00120566;2021-01-13;24;-115;0;;
SPE00120566;2021-01-14;44;-105;0;;
SPE00120566;2021-01-15;49;-94;0;;
SPE00120566;2021-01-16;57;-104;0;;
SPE00120566;2021-01-17;55;-91;0;;
SPE00120566;2021-01-18;65;-76;0;;
SPE00120566;2021-01-19;55;-57;0;;
SPE00120566;2021-01-20;127;-16;38;;
SPE00120566;2021-01-21;130;73;34;;
SPE00120566;2021-01-22;125;54;36;;
SPE00120566;2021-01-23;142;50;6;;
SPE00120566;2021-01-24;136;78;0;;
SPE00120566;2021-01-25;153;98;2;;
SPE00120566;2021-01-26;170;118;2;;
SPE00120566;2021-01-27;188;107;0;;
SPE00120566;2021-01-28;173;101;2;;
SPE00120566;2021-01-29;160;91;12;;
SPE00120566;2021-01-30;142;90;2;;
SPE00120566;2021-01-31;145;79;0;;
SPE00120566;2021-02-01;153;90;0;;
SPE00120566;2021-02-02;159;78;0;;
SPE00120566;2021-02-03;145;102;0;;
SPE00120566;2021-02-04;164;93;0;;
SPE00120566;2021-02-05;186;71;10;;
SPE00120566;2021-02-06;134;68;22;;
SPE00120566;2021-02-07;120;58;128;;
SPE00120566;2021-02-08;121;77;0;;
SPE00120566;2021-02-09;118;83;56;;
SPE00120566;2021-02-10;149;73;0;;
SPE00120566;2021-02-11;147;76;30;;
SPE00120566;2021-02-12;169;85;0;;
SPE00120566;2021-02-13;165;54;0;;
SPE00120566;2021-02-14;182;31;0;;
SPE00120566;2021-02-15;178;60;0;;
SPE00120566;2021-02-16;173;39;0;;
SPE00120566;2021-02-17;193;36;0;;
SPE00120566;2021-02-18;184;36;0;;
SPE00120566;2021-02-19;211;29;0;;
SPE00120566;2021-02-20;196;66;0;;
SPE00120566;2021-02-21;129;58;114;;
SPE00120566;2021-02-22;135;52;0;;
SPE00120566;2021-02-23;157;14;0;;
SPE00120566;2021-02-24;185;43;0;;
SPE00120566;2021-02-25;153;67;0;;
SPE00120566;2021-02-26;171;73;0;;
SPE00120566;2021-02-27;189;42;0;;
SPE00120566;2021-02-28;180;53;0;;
SPE00120566;2021-03-01;127;70;2;;
SPE00120566;2021-03-02;165;78;0;;
SPE00120566;2021-03-03;156;95;0;;
SPE00120566;2021-03-04;169;65;0;;
SPE00120566;2021-03-05;176;62;0;;
SPE00120566;2021-03-06;178;59;0;;
SPE00120566;2021-03-07;167;85;0;;
SPE00120566;2021-03-08;153;61;26;;
SPE00120566;2021-03-09;152;65;0;;
SPE00120566;2021-03-10;172;14;0;;
SPE00120566;2021-03-11;199;57;0;;
SPE00120566;2021-03-12;171;68;0;;
SPE00120566;2021-03-13;177;19;0;;
SPE00120566;2021-03-14;174;58;0;;
SPE00120566;2021-03-15;197;32;0;;
SPE00120566;2021-03-16;202;45;0;;
SPE00120566;2021-03-17;208;53;0;;
SPE00120566;2021-03-18;138;53;0;;
SPE00120566;2021-03-19;141;4;0;;
SPE00120566;2021-03-20;134;29;0;;
SPE00120566;2021-03-21;163;-5;0;;
SPE00120566;2021-03-22;184;13;0;;
SPE00120566;2021-03-23;210;25;0;;
SPE00120566;2021-03-24;222;27;0;;
SPE00120566;2021-03-25;222;76;0;;
SPE00120566;2021-03-26;205;82;0;;
SPE00120566;2021-03-27;195;68;0;;
SPE00120566;2021-03-28;237;59;0;;
SPE00120566;2021-03-29;228;105;0;;
SPE00120566;2021-03-30;211;110;0;;
SPE00120566;2021-03-31;252;90;0;;
SPE00120566;2021-04-01;243;119;18;;
SPE00120566;2021-04-02;187;118;18;;
SPE00120566;2021-04-03;224;98;0;;
SPE00120566;2021-04-04;221;72;0;;
SPE00120566;2021-04-05;242;70;0;;
SPE00120566;2021-04-06;253;78;0;;
SPE00120566;2021-04-07;228;65;0;;
SPE00120566;2021-04-08;193;93;34;;
SPE00120566;2021-04-09;176;82;38;;
SPE00120566;2021-04-10;202;90;42;;
SPE00120566;2021-04-11;193;104;2;;
SPE00120566;2021-04-12;196;54;0;;
SPE00120566;2021-04-13;194;102;4;;
SPE00120566;2021-04-14;192;109;2;;
SPE00120566;2021-04-15;189;104;0;;
SPE00120566;2021-04-16;203;81;0;;
SPE00120566;2021-04-17;194;25;0;;
SPE00120566;2021-04-18;207;37;0;;
SPE00120566;2021-04-19;221;80;0;;
SPE00120566;2021-04-20;221;106;0;;
SPE00120566;2021-04-21;189;100;98;;
SPE00120566;2021-04-22;202;98;8;;
SPE00120566;2021-04-23;202;97;0;;
SPE00120566;2021-04-24;184;98;48;;
SPE00120566;2021-04-25;131;99;180;;
SPE00120566;2021-04-26;206;101;52;;
SPE00120566;2021-04-27;214;107;240;;
SPE00120566;2021-04-28;199;113;10;;
SPE00120566;2021-04-29;189;89;0;;
SPE00120566;2021-04-30;187;76;0;;
SPE00120566;2021-05-01;190;67;4;;
SPE00120566;2021-05-02;201;81;0;;
SPE00120566;2021-05-03;202;94;32;;
SPE00120566;2021-05-04;240;85;0;;
SPE00120566;2021-05-05;264;111;0;;
SPE00120566;2021-05-06;270;122;0;;
SPE00120566;2021-05-07;297;126;0;;
SPE00120566;2021-05-08;298;128;0;;
SPE00120566;2021-05-09;217;112;22;;
SPE00120566;2021-05-10;193;74;0;;
SPE00120566;2021-05-11;183;66;0;;
SPE00120566;2021-05-12;206;111;0;;
SPE00120566;2021-05-13;211;86;0;;
SPE00120566;2021-05-14;249;91;0;;
SPE00120566;2021-05-15;274;128;0;;
SPE00120566;2021-05-16;261;138;0;;
SPE00120566;2021-05-17;283;136;0;;
SPE00120566;2021-05-18;279;135;0;;
SPE00120566;2021-05-19;289;133;0;;
SPE00120566;2021-05-20;315;125;0;;
SPE00120566;2021-05-21;303;149;0;;
SPE00120566;2021-05-22;254;134;0;;
SPE00120566;2021-05-23;231;117;0;;
SPE00120566;2021-05-24;242;89;0;;
SPE00120566;2021-05-25;289;115;0;;
SPE00120566;2021-05-26;301;144;0;;
SPE00120566;2021-05-27;290;154;0;;
SPE00120566;2021-05-28;302;169;0;;
SPE00120566;2021-05-29;333;154;0;;
SPE00120566;2021-05-30;340;184;0;;
SPE00120566;2021-05-31;330;181;10;;
SPE00120566;2021-06-01;259;153;0;;
SPE00120566;2021-06-02;297;124;0;;
SPE00120566;2021-06-03;316;151;0;;
SPE00120566;2021-06-04;308;156;6;;
SPE00120566;2021-06-05;230;147;12;;
SPE00120566;2021-06-06;319;125;0;;
SPE00120566;2021-06-07;346;165;0;;
SPE00120566;2021-06-08;361;162;0;;
SPE00120566;2021-06-09;364;190;0;;
SPE00120566;2021-06-10;371;180;0;;
SPE00120566;2021-06-11;362;184;6;;
SPE00120566;2021-06-12;334;179;0;;
SPE00120566;2021-06-13;349;199;2;;
SPE00120566;2021-06-14;344;175;0;;
SPE00120566;2021-06-15;349;194;0;;
SPE00120566;2021-06-16;343;220;16;;
SPE00120566;2021-06-17;256;164;20;;
SPE00120566;2021-06-18;283;141;0;;
SPE00120566;2021-06-19;277;123;0;;
SPE00120566;2021-06-20;202;159;2;;
SPE00120566;2021-06-21;240;130;0;;
SPE00120566;2021-06-22;244;134;6;;
SPE00120566;2021-06-23;277;109;0;;
SPE00120566;2021-06-24;314;140;0;;
SPE00120566;2021-06-25;348;182;0;;
SPE00120566;2021-06-26;346;194;0;;
SPE00120566;2021-06-27;316;190;0;;
SPE00120566;2021-06-28;303;144;0;;
SPE00120566;2021-06-29;328;151;0;;
SPE00120566;2021-06-30;355;172;0;;
SPE00120566;2021-07-01;357;176;0;;
SPE00120566;2021-07-02;359;198;0;;
SPE00120566;2021-07-03;339;188;0;;
SPE00120566;2021-07-04;333;192;0;;
SPE00120566;2021-07-05;363;200;0;;
SPE00120566;2021-07-06;258;156;0;;
SPE00120566;2021-07-07;292;122;0;;
SPE00120566;2021-07-08;323;150;0;;
SPE00120566;2021-07-09;363;186;0;;
SPE00120566;2021-07-10;393;208;0;;
SPE00120566;2021-07-11;423;220;0;;
SPE00120566;2021-07-12;299;188;0;;
SPE00120566;2021-07-13;299;138;0;;
SPE00120566;2021-07-14;316;145;0;;
SPE00120566;2021-07-15;346;163;0;;
SPE00120566;2021-07-16;378;197;0;;
SPE00120566;2021-07-17;400;197;0;;
SPE00120566;2021-07-18;386;225;0;;
SPE00120566;2021-07-19;387;204;0;;
SPE00120566;2021-07-20;372;230;0;;
SPE00120566;2021-07-21;395;205;0;;
SPE00120566;2021-07-22;398;220;0;;
SPE00120566;2021-07-23;358;231;0;;
SPE00120566;2021-07-24;330;169;0;;
SPE00120566;2021-07-25;328;189;50;;
SPE00120566;2021-07-26;320;171;0;;
SPE00120566;2021-07-27;360;190;0;;
SPE00120566;2021-07-28;381;214;0;;
SPE00120566;2021-07-29;380;215;0;;
SPE00120566;2021-07-30;358;217;0;;
SPE00120566;2021-07-31;283;179;2;;
SPE00120566;2021-08-01;296;141;0;;
SPE00120566;2021-08-02;326;157;0;;
SPE00120566;2021-08-03;342;183;0;;
SPE00120566;2021-08-04;341;219;0;;
SPE00120566;2021-08-05;369;205;0;;
SPE00120566;2021-08-06;349;212;0;;
SPE00120566;2021-08-07;302;172;0;;
SPE00120566;2021-08-08;335;159;0;;
SPE00120566;2021-08-09;364;189;0;;
SPE00120566;2021-08-10;369;216;0;;
SPE00120566;2021-08-11;421;242;24;;
SPE00120566;2021-08-12;401;227;0;;
SPE00120566;2021-08-13;442;220;0;;
SPE00120566;2021-08-14;441;255;0;;
SPE00120566;2021-08-15;429;244;0;;
SPE00120566;2021-08-16;394;205;0;;
SPE00120566;2021-08-17;357;189;0;;
SPE00120566;2021-08-18;368;183;0;;
SPE00120566;2021-08-19;355;184;0;;
SPE00120566;2021-08-20;365;196;0;;
SPE00120566;2021-08-21;374;199;0;;
SPE00120566;2021-08-22;396;194;2;;
SPE00120566;2021-08-23;391;221;0;;
SPE00120566;2021-08-24;354;219;0;;
SPE00120566;2021-08-25;341;208;0;;
SPE00120566;2021-08-26;356;200;0;;
SPE00120566;2021-08-27;366;207;0;;
SPE00120566;2021-08-28;337;209;0;;
SPE00120566;2021-08-29;333;200;0;;
SPE00120566;2021-08-30;324;197;0;;
SPE00120566;2021-08-31;339;185;566;;
SPE00120566;2021-09-01;;;274;;
SPE00120566;2021-09-02;284;171;0;;
SPE00120566;2021-09-03;310;169;0;;
SPE00120566;2021-09-04;324;169;0;;
SPE00120566;2021-09-05;348;198;0;;
SPE00120566;2021-09-06;345;223;0;;
SPE00120566;2021-09-07;349;196;0;;
SPE00120566;2021-09-08;280;193;0;;
SPE00120566;2021-09-09;285;176;0;;
SPE00120566;2021-09-10;293;175;0;;
SPE00120566;2021-09-11;296;179;0;;
SPE00120566;2021-09-12;334;163;0;;
SPE00120566;2021-09-13;278;190;42;;
SPE00120566;2021-09-14;216;152;208;;
SPE00120566;2021-09-15;247;149;0;;
SPE00120566;2021-09-16;273;160;0;;
SPE00120566;2021-09-17;295;149;0;;
SPE00120566;2021-09-18;271;159;0;;
SPE00120566;2021-09-19;265;126;0;;
SPE00120566;2021-09-20;273;123;0;;
SPE00120566;2021-09-21;239;109;0;;
SPE00120566;2021-09-22;232;141;166;;
SPE00120566;2021-09-23;263;156;34;;
SPE00120566;2021-09-24;258;187;14;;
SPE00120566;2021-09-25;233;147;0;;
SPE00120566;2021-09-26;255;129;0;;
SPE00120566;2021-09-27;275;132;0;;
SPE00120566;2021-09-28;273;126;0;;
SPE00120566;2021-09-29;275;133;0;;
SPE00120566;2021-09-30;271;129;0;;
SPE00120566;2021-10-01;272;127;0;;
SPE00120566;2021-10-02;275;121;0;;
SPE00120566;2021-10-03;204;120;28;;
SPE00120566;2021-10-04;209;92;0;;
SPE00120566;2021-10-05;249;104;0;;
SPE00120566;2021-10-06;254;130;0;;
SPE00120566;2021-10-07;273;96;0;;
SPE00120566;2021-10-08;277;102;0;;
SPE00120566;2021-10-09;264;95;0;;
SPE00120566;2021-10-10;262;104;0;;
SPE00120566;2021-10-11;254;133;0;;
SPE00120566;2021-10-12;252;118;0;;
SPE00120566;2021-10-13;263;101;0;;
SPE00120566;2021-10-14;270;72;0;;
SPE00120566;2021-10-15;256;97;0;;
SPE00120566;2021-10-16;228;98;2;;
SPE00120566;2021-10-17;238;137;0;;
SPE00120566;2021-10-18;262;148;0;;
SPE00120566;2021-10-19;271;141;0;;
SPE00120566;2021-10-20;261;128;0;;
SPE00120566;2021-10-21;229;127;2;;
SPE00120566;2021-10-22;217;92;0;;
SPE00120566;2021-10-23;224;70;0;;
SPE00120566;2021-10-24;231;49;0;;
SPE00120566;2021-10-25;223;60;0;;
SPE00120566;2021-10-26;224;62;0;;
SPE00120566;2021-10-27;225;74;0;;
SPE00120566;2021-10-28;227;59;0;;
SPE00120566;2021-10-29;170;137;302;;
SPE00120566;2021-10-30;205;147;268;;
SPE00120566;2021-10-31;231;146;42;;
SPE00120566;2021-11-01;190;103;0;;
SPE00120566;2021-11-02;137;80;2;;
SPE00120566;2021-11-03;144;64;0;;
SPE00120566;2021-11-04;133;37;0;;
SPE00120566;2021-11-05;142;28;0;;
SPE00120566;2021-11-06;148;14;0;;
SPE00120566;2021-11-07;153;11;0;;
SPE00120566;2021-11-08;202;46;0;;
SPE00120566;2021-11-09;178;48;0;;
SPE00120566;2021-11-10;183;19;0;;
SPE00120566;2021-11-11;180;23;0;;
SPE00120566;2021-11-12;188;29;0;;
SPE00120566;2021-11-13;190;32;0;;
SPE00120566;2021-11-14;194;41;0;;
SPE00120566;2021-11-15;171;52;0;;
SPE00120566;2021-11-16;158;26;0;;
SPE00120566;2021-11-17;161;18;0;;
SPE00120566;2021-11-18;158;22;0;;
SPE00120566;2021-11-19;168;49;0;;
SPE00120566;2021-11-20;142;81;0;;
SPE00120566;2021-11-21;150;86;0;;
SPE00120566;2021-11-22;129;49;62;;
SPE00120566;2021-11-23;68;39;6;;
SPE00120566;2021-11-24;76;20;14;;
SPE00120566;2021-11-25;91;26;0;;
SPE00120566;2021-11-26;120;20;0;;
SPE00120566;2021-11-27;109;22;14;;
SPE00120566;2021-11-28;110;5;0;;
SPE00120566;2021-11-29;151;70;0;;
SPE00120566;2021-11-30;144;15;0;;
SPE00120566;2021-12-01;126;8;0;;
SPE00120566;2021-12-02;117;50;0;;
SPE00120566;2021-12-03;137;14;0;;
SPE00120566;2021-12-04;125;32;0;;
SPE00120566;2021-12-05;140;37;0;;
SPE00120566;2021-12-06;135;34;;;
SPE00120566;2021-12-10;152;86;0;;
SPE00120566;2021-12-11;192;62;0;;
SPE00120566;2021-12-12;163;24;0;;
SPE00120566;2021-12-13;99;7;0;;
SPE00120566;2021-12-14;149;1;0;;
SPE00120566;2021-12-15;165;7;;;
SPE00120566;2021-12-16;139;22;0;;
SPE00120566;2021-12-18;123;24;0;;
SPE00120566;2021-12-19;152;57;0;;
SPE00120566;2021-12-20;117;32;0;;
SPE00120566;2021-12-21;134;67;20;;
SPE00120566;2021-12-23;131;43;;;
SPE00120566;2021-12-26;120;104;52;;
SPE00120566;2021-12-27;168;113;0;;
SPE00120566;2021-12-28;160;98;;;
SPE00120566;2021-12-29;146;57;0;;
SPE00120566;2021-12-30;116;31;0;;
SPE00120566;2021-12-31;157;32;0;;
SPE00120566;2022-01-01;170;19;0;;
SPE00120566;2022-01-02;167;21;0;;
SPE00120566;2022-01-03;178;30;0;;
SPE00120566;2022-01-04;169;33;30;;
SPE00120566;2022-01-05;116;36;63;;
SPE00120566;2022-01-06;106;18;2;;
SPE00120566;2022-01-07;123;-3;0;;
SPE00120566;2022-01-08;95;-9;0;;
SPE00120566;2022-01-09;140;21;0;;
SPE00120566;2022-01-10;177;68;0;;
SPE00120566;2022-01-11;167;36;0;;
SPE00120566;2022-01-12;130;16;0;;
SPE00120566;2022-01-13;115;0;0;;
SPE00120566;2022-01-14;97;-13;0;;
SPE00120566;2022-01-15;115;-29;0;;
SPE00120566;2022-01-16;118;-24;0;;
SPE00120566;2022-01-17;127;-21;0;;
SPE00120566;2022-01-18;133;-31;0;;
SPE00120566;2022-01-19;142;-40;0;;
SPE00120566;2022-01-20;147;-23;0;;
SPE00120566;2022-01-21;109;-9;0;;
SPE00120566;2022-01-22;117;-17;0;;
SPE00120566;2022-01-23;128;6;0;;
SPE00120566;2022-01-24;115;24;0;;
SPE00120566;2022-01-25;117;36;0;;
SPE00120566;2022-01-26;125;28;0;;
SPE00120566;2022-01-27;150;2;0;;
SPE00120566;2022-01-28;153;-11;0;;
SPE00120566;2022-01-29;174;-31;0;;
SPE00120566;2022-01-30;166;-13;0;;
SPE00120566;2022-01-31;184;-19;0;;
SPE00120566;2022-02-01;179;14;0;;
SPE00120566;2022-02-02;207;20;0;;
SPE00120566;2022-02-03;184;5;0;;
SPE00120566;2022-02-04;163;69;0;;
SPE00120566;2022-02-05;154;37;0;;
SPE00120566;2022-02-06;164;20;0;;
SPE00120566;2022-02-07;195;-7;0;;
SPE00120566;2022-02-08;195;17;0;;
SPE00120566;2022-02-09;170;27;0;;
SPE00120566;2022-02-10;182;5;0;;
SPE00120566;2022-02-11;181;20;0;;
SPE00120566;2022-02-12;181;39;4;;
SPE00120566;2022-02-13;159;72;6;;
SPE00120566;2022-02-14;141;42;0;;
SPE00120566;2022-02-15;148;14;0;;
SPE00120566;2022-02-16;160;41;0;;
SPE00120566;2022-02-17;203;28;0;;
SPE00120566;2022-02-18;201;26;0;;
SPE00120566;2022-02-19;134;45;0;;
SPE00120566;2022-02-20;167;-6;0;;
SPE00120566;2022-02-21;194;17;0;;
SPE00120566;2022-02-22;214;19;0;;
SPE00120566;2022-02-23;210;19;0;;
SPE00120566;2022-02-24;190;34;14;;
SPE00120566;2022-02-25;121;80;24;;
SPE00120566;2022-02-26;130;77;8;;
SPE00120566;2022-02-27;148;60;0;;
SPE00120566;2022-02-28;186;23;0;;
SPE00120566;2022-03-01;199;31;0;;
SPE00120566;2022-03-02;178;88;0;;
SPE00120566;2022-03-03;106;63;218;;
SPE00120566;2022-03-04;140;59;0;;
SPE00120566;2022-03-05;145;33;0;;
SPE00120566;2022-03-06;131;9;16;;
SPE00120566;2022-03-07;124;62;42;;
SPE00120566;2022-03-08;143;68;0;;
SPE00120566;2022-03-09;169;30;0;;
SPE00120566;2022-03-10;163;56;16;;
SPE00120566;2022-03-11;136;83;44;;
SPE00120566;2022-03-12;142;58;42;;
SPE00120566;2022-03-13;166;65;4;;
SPE00120566;2022-03-14;133;68;160;;
SPE00120566;2022-03-15;155;122;0;;
SPE00120566;2022-03-16;139;107;0;;
SPE00120566;2022-03-17;136;93;0;;
SPE00120566;2022-03-18;161;58;0;;
SPE00120566;2022-03-19;139;63;0;;
SPE00120566;2022-03-20;164;70;84;;
SPE00120566;2022-03-21;155;75;26;;
SPE00120566;2022-03-22;155;91;0;;
SPE00120566;2022-03-23;110;85;36;;
SPE00120566;2022-03-24;134;70;12;;
SPE00120566;2022-03-25;137;102;4;;
SPE00120566;2022-03-26;142;87;0;;
SPE00120566;2022-03-27;154;74;0;;
SPE00120566;2022-03-28;193;65;0;;
SPE00120566;2022-03-29;163;93;4;;
SPE00120566;2022-03-30;153;92;42;;
SPE00120566;2022-03-31;151;57;20;;
SPE00120566;2022-04-01;128;37;0;;
SPE00120566;2022-04-02;127;0;0;;
SPE00120566;2022-04-03;124;-6;0;;
SPE00120566;2022-04-04;111;2;0;;
SPE00120566;2022-04-05;74;41;14;;
SPE00120566;2022-04-06;173;30;0;;
SPE00120566;2022-04-07;191;67;0;;
SPE00120566;2022-04-08;167;73;0;;
SPE00120566;2022-04-09;178;111;6;;
SPE00120566;2022-04-10;258;77;0;;
SPE00120566;2022-04-11;251;98;22;;
SPE00120566;2022-04-12;189;82;24;;
SPE00120566;2022-04-13;203;51;2;;
SPE00120566;2022-04-14;229;97;0;;
SPE00120566;2022-04-15;258;93;0;;
SPE00120566;2022-04-16;274;111;0;;
SPE00120566;2022-04-17;271;95;0;;
SPE00120566;2022-04-18;271;110;0;;
SPE00120566;2022-04-19;209;74;296;;
SPE00120566;2022-04-20;136;43;28;;
SPE00120566;2022-04-21;180;49;2;;
SPE00120566;2022-04-22;125;74;144;;
SPE00120566;2022-04-23;147;56;0;;
SPE00120566;2022-04-24;187;57;0;;
SPE00120566;2022-04-25;225;61;0;;
SPE00120566;2022-04-26;229;105;206;;
SPE00120566;2022-04-27;207;106;46;;
SPE00120566;2022-04-28;177;84;2;;
SPE00120566;2022-04-29;239;79;0;;
SPE00120566;2022-04-30;246;112;0;;
SPE00120566;2022-05-01;259;146;0;;
SPE00120566;2022-05-02;210;110;0;;
SPE00120566;2022-05-03;188;110;92;;
SPE00120566;2022-05-04;215;106;0;;
SPE00120566;2022-05-05;240;81;0;;
SPE00120566;2022-05-06;253;92;0;;
SPE00120566;2022-05-07;258;96;0;;
SPE00120566;2022-05-08;279;106;0;;
SPE00120566;2022-05-09;297;107;0;;
SPE00120566;2022-05-10;311;138;0;;
SPE00120566;2022-05-11;318;141;0;;
SPE00120566;2022-05-12;298;147;0;;
SPE00120566;2022-05-13;315;134;0;;
SPE00120566;2022-05-14;318;168;0;;
SPE00120566;2022-05-15;265;159;0;;
SPE00120566;2022-05-16;283;135;0;;
SPE00120566;2022-05-17;299;151;0;;
SPE00120566;2022-05-18;343;144;0;;
SPE00120566;2022-05-19;365;164;0;;
SPE00120566;2022-05-20;352;188;0;;
SPE00120566;2022-05-21;363;194;0;;
SPE00120566;2022-05-22;291;173;0;;
SPE00120566;2022-05-23;284;146;0;;
SPE00120566;2022-05-24;242;129;0;;
SPE00120566;2022-05-25;249;77;0;;
SPE00120566;2022-05-26;281;98;0;;
SPE00120566;2022-05-27;328;139;0;;
SPE00120566;2022-05-28;351;153;0;;
SPE00120566;2022-05-29;321;179;0;;
SPE00120566;2022-05-30;248;151;0;;
SPE00120566;2022-05-31;328;138;0;;
SPE00120566;2022-06-01;303;166;0;;
SPE00120566;2022-06-02;295;165;0;;
SPE00120566;2022-06-03;291;170;0;;
SPE00120566;2022-06-04;281;147;0;;
SPE00120566;2022-06-05;309;144;0;;
SPE00120566;2022-06-06;323;163;0;;
SPE00120566;2022-06-07;343;162;0;;
SPE00120566;2022-06-08;318;198;0;;
SPE00120566;2022-06-09;350;184;0;;
SPE00120566;2022-06-10;381;188;0;;
SPE00120566;2022-06-11;396;211;0;;
SPE00120566;2022-06-12;395;216;0;;
SPE00120566;2022-06-13;407;207;0;;
SPE00120566;2022-06-14;411;224;0;;
SPE00120566;2022-06-15;410;236;0;;
SPE00120566;2022-06-16;404;248;0;;
SPE00120566;2022-06-17;418;223;0;;
SPE00120566;2022-06-18;405;239;0;;
SPE00120566;2022-06-19;294;171;0;;
SPE00120566;2022-06-20;286;173;0;;
SPE00120566;2022-06-21;305;140;0;;
SPE00120566;2022-06-22;250;146;30;;
SPE00120566;2022-06-23;245;147;0;;
SPE00120566;2022-06-24;288;129;0;;
SPE00120566;2022-06-25;290;157;0;;
SPE00120566;2022-06-26;296;152;0;;
SPE00120566;2022-06-27;304;146;0;;
SPE00120566;2022-06-28;343;150;0;;
SPE00120566;2022-06-29;342;188;0;;
SPE00120566;2022-06-30;313;172;0;;
SPE00120566;2022-07-01;354;151;0;;
SPE00120566;2022-07-02;377;207;0;;
SPE00120566;2022-07-03;367;234;0;;
SPE00120566;2022-07-04;371;216;0;;
SPE00120566;2022-07-05;389;187;0;;
SPE00120566;2022-07-06;362;206;0;;
SPE00120566;2022-07-07;345;183;0;;
SPE00120566;2022-07-08;372;181;0;;
SPE00120566;2022-07-09;396;219;0;;
SPE00120566;2022-07-10;404;209;0;;
SPE00120566;2022-07-11;403;236;0;;
SPE00120566;2022-07-12;409;232;0;;
SPE00120566;2022-07-13;425;232;0;;
SPE00120566;2022-07-14;424;238;0;;
SPE00120566;2022-07-15;422;237;0;;
SPE00120566;2022-07-16;415;241;0;;
SPE00120566;2022-07-17;408;251;0;;
SPE00120566;2022-07-18;419;229;0;;
SPE00120566;2022-07-19;355;221;0;;
SPE00120566;2022-07-20;391;199;0;;
SPE00120566;2022-07-21;405;234;0;;
SPE00120566;2022-07-22;403;234;0;;
SPE00120566;2022-07-23;409;210;0;;
SPE00120566;2022-07-24;402;244;0;;
SPE00120566;2022-07-25;389;244;0;;
SPE00120566;2022-07-26;381;221;0;;
SPE00120566;2022-07-27;371;214;0;;
SPE00120566;2022-07-28;373;232;0;;
SPE00120566;2022-07-29;388;222;0;;
SPE00120566;2022-07-30;395;231;0;;
SPE00120566;2022-07-31;394;231;0;;
SPE00120566;2022-08-01;404;246;0;;
SPE00120566;2022-08-02;398;244;0;;
SPE00120566;2022-08-03;404;240;0;;
SPE00120566;2022-08-04;406;207;0;;
SPE00120566;2022-08-05;396;220;0;;
SPE00120566;2022-08-06;389;227;0;;
SPE00120566;2022-08-07;386;226;0;;
SPE00120566;2022-08-08;392;208;0;;
SPE00120566;2022-08-09;399;214;0;;
SPE00120566;2022-08-10;387;246;0;;
SPE00120566;2022-08-11;390;250;0;;
SPE00120566;2022-08-12;395;237;0;;
SPE00120566;2022-08-13;313;238;0;;
SPE00120566;2022-08-14;337;197;0;;
SPE00120566;2022-08-15;331;189;0;;
SPE00120566;2022-08-16;305;184;0;;
SPE00120566;2022-08-17;303;165;0;;
SPE00120566;2022-08-18;310;150;0;;
SPE00120566;2022-08-19;338;162;0;;
SPE00120566;2022-08-20;369;154;0;;
SPE00120566;2022-08-21;384;211;0;;
SPE00120566;2022-08-22;375;210;0;;
SPE00120566;2022-08-23;396;214;0;;
SPE00120566;2022-08-24;391;218;0;;
SPE00120566;2022-08-25;369;224;0;;
SPE00120566;2022-08-26;366;204;2;;
SPE00120566;2022-08-27;351;182;0;;
SPE00120566;2022-08-28;369;216;0;;
SPE00120566;2022-08-29;354;242;0;;
SPE00120566;2022-08-30;367;228;0;;
SPE00120566;2022-08-31;335;207;0;;
SPE00120566;2022-09-01;341;175;0;;
SPE00120566;2022-09-02;317;177;0;;
SPE00120566;2022-09-03;299;171;0;;
SPE00120566;2022-09-04;311;164;0;;
SPE00120566;2022-09-05;309;171;0;;
SPE00120566;2022-09-06;305;175;0;;
SPE00120566;2022-09-07;292;165;0;;
SPE00120566;2022-09-08;301;185;0;;
SPE00120566;2022-09-09;333;192;0;;
SPE00120566;2022-09-10;365;182;0;;
SPE00120566;2022-09-11;381;188;0;;
SPE00120566;2022-09-12;311;238;100;;
SPE00120566;2022-09-13;279;167;12;;
SPE00120566;2022-09-14;263;154;0;;
SPE00120566;2022-09-15;268;174;26;;
SPE00120566;2022-09-16;299;165;0;;
SPE00120566;2022-09-17;311;159;0;;
SPE00120566;2022-09-18;320;187;0;;
SPE00120566;2022-09-19;309;186;2;;
SPE00120566;2022-09-20;315;166;0;;
SPE00120566;2022-09-21;292;165;0;;
SPE00120566;2022-09-22;311;169;0;;
SPE00120566;2022-09-23;300;160;0;;
SPE00120566;2022-09-24;276;154;0;;
SPE00120566;2022-09-25;248;116;0;;
SPE00120566;2022-09-26;243;128;0;;
SPE00120566;2022-09-27;258;113;0;;
SPE00120566;2022-09-28;266;132;0;;
SPE00120566;2022-09-29;173;105;24;;
SPE00120566;2022-09-30;224;84;0;;
SPE00120566;2022-10-01;270;72;0;;
SPE00120566;2022-10-02;306;97;0;;
SPE00120566;2022-10-03;329;128;0;;
SPE00120566;2022-10-04;331;130;0;;
SPE00120566;2022-10-05;312;134;0;;
SPE00120566;2022-10-06;279;160;0;;
SPE00120566;2022-10-07;265;135;0;;
SPE00120566;2022-10-08;275;135;0;;
SPE00120566;2022-10-09;282;146;18;;
SPE00120566;2022-10-10;250;156;0;;
SPE00120566;2022-10-11;261;151;54;;
SPE00120566;2022-10-12;248;127;0;;
SPE00120566;2022-10-13;267;121;0;;
SPE00120566;2022-10-14;296;124;0;;
SPE00120566;2022-10-15;299;116;0;;
SPE00120566;2022-10-16;286;131;0;;
SPE00120566;2022-10-17;300;167;0;;
SPE00120566;2022-10-18;313;154;0;;
SPE00120566;2022-10-19;283;200;0;;
SPE00120566;2022-10-20;223;155;30;;
SPE00120566;2022-10-21;212;147;54;;
SPE00120566;2022-10-22;261;138;4;;
SPE00120566;2022-10-23;194;156;2;;
SPE00120566;2022-10-24;215;145;0;;
SPE00120566;2022-10-25;271;135;0;;
SPE00120566;2022-10-26;262;129;0;;
SPE00120566;2022-10-27;327;187;0;;
SPE00120566;2022-10-28;313;145;0;;
SPE00120566;2022-10-29;295;140;0;;
SPE00120566;2022-10-30;217;123;0;;
SPE00120566;2022-10-31;188;105;6;;
SPE00120566;2022-11-01;230;102;0;;
SPE00120566;2022-11-02;243;101;0;;
SPE00120566;2022-11-03;180;129;2;;
SPE00120566;2022-11-04;188;79;0;;
SPE00120566;2022-11-05;208;36;0;;
SPE00120566;2022-11-06;208;26;0;;
SPE00120566;2022-11-07;217;78;0;;
SPE00120566;2022-11-08;192;81;52;;
SPE00120566;2022-11-09;178;104;18;;
SPE00120566;2022-11-10;182;78;0;;
SPE00120566;2022-11-11;179;59;0;;
SPE00120566;2022-11-12;219;133;16;;
SPE00120566;2022-11-13;209;106;0;;
SPE00120566;2022-11-14;193;96;24;;
SPE00120566;2022-11-15;175;131;40;;
SPE00120566;2022-11-16;158;114;20;;
SPE00120566;2022-11-17;192;120;8;;
SPE00120566;2022-11-18;148;76;78;;
SPE00120566;2022-11-19;128;40;0;;
SPE00120566;2022-11-20;172;72;0;;
SPE00120566;2022-11-21;170;82;18;;
SPE00120566;2022-11-22;153;67;2;;
SPE00120566;2022-11-23;174;122;6;;
SPE00120566;2022-11-24;198;91;0;;
SPE00120566;2022-11-25;158;57;0;;
SPE00120566;2022-11-26;169;20;0;;
SPE00120566;2022-11-27;167;16;8;;
SPE00120566;2022-11-28;144;50;0;;
SPE00120566;2022-11-29;142;15;0;;
SPE00120566;2022-11-30;143;9;0;;
SPE00120566;2022-12-01;147;34;0;;
SPE00120566;2022-12-02;127;20;0;;
SPE00120566;2022-12-03;133;-2;24;;
SPE00120566;2022-12-04;102;50;56;;
SPE00120566;2022-12-05;109;50;86;;
SPE00120566;2022-12-06;137;93;2;;
SPE00120566;2022-12-07;141;88;58;;
SPE00120566;2022-12-08;158;87;76;;
SPE00120566;2022-12-09;131;92;102;;
SPE00120566;2022-12-10;133;90;80;;
SPE00120566;2022-12-11;114;76;34;;
SPE00120566;2022-12-12;171;94;88;;
SPE00120566;2022-12-13;161;135;376;;
SPE00120566;2022-12-14;190;100;54;;
SPE00120566;2022-12-15;137;84;0;;
SPE00120566;2022-12-16;117;69;4;;
SPE00120566;2022-12-17;143;76;0;;
SPE00120566;2022-12-18;119;32;2;;
SPE00120566;2022-12-19;141;31;0;;
SPE00120566;2022-12-20;140;41;12;;
SPE00120566;2022-12-21;158;98;0;;
SPE00120566;2022-12-22;158;104;0;;
SPE00120566;2022-12-23;146;96;2;;
SPE00120566;2022-12-24;100;69;0;;
SPE00120566;2022-12-25;196;53;0;;
SPE00120566;2022-12-26;185;48;0;;
SPE00120566;2022-12-27;168;30;0;;
SPE00120566;2022-12-28;160;11;0;;
SPE00120566;2022-12-29;152;72;0;;
SPE00120566;2022-12-30;172;83;0;;
SPE00120566;2022-12-31;166;29;0;;
SPE00120566;2023-01-01;160;68;4;;
SPE00120566;2023-01-02;145;79;0;;
SPE00120566;2023-01-03;121;38;0;;
SPE00120566;2023-01-04;119;15;0;;
SPE00120566;2023-01-05;147;-16;0;;
SPE00120566;2023-01-06;133;-14;0;;
SPE00120566;2023-01-07;124;21;38;;
SPE00120566;2023-01-08;159;107;38;;
SPE00120566;2023-01-09;158;76;0;;
SPE00120566;2023-01-10;141;34;0;;
SPE00120566;2023-01-11;136;59;2;;
SPE00120566;2023-01-12;93;19;0;;
SPE00120566;2023-01-13;103;13;0;;
SPE00120566;2023-01-14;89;0;0;;
SPE00120566;2023-01-15;106;7;0;;
SPE00120566;2023-01-16;126;37;0;;
SPE00120566;2023-01-17;127;59;6;;
SPE00120566;2023-01-18;104;20;0;;
SPE00120566;2023-01-19;103;5;0;;
SPE00120566;2023-01-20;155;90;8;;
SPE00120566;2023-01-21;127;17;0;;
SPE00120566;2023-01-22;104;-18;0;;
SPE00120566;2023-01-23;96;-19;0;;
SPE00120566;2023-01-24;74;-29;0;;
SPE00120566;2023-01-25;107;-38;0;;
SPE00120566;2023-01-26;110;3;0;;
SPE00120566;2023-01-27;106;-10;0;;
SPE00120566;2023-01-28;116;-29;0;;
SPE00120566;2023-01-29;89;-24;0;;
SPE00120566;2023-01-30;110;-33;0;;
SPE00120566;2023-01-31;133;-48;0;;
SPE00120566;2023-02-01;123;-29;0;;
SPE00120566;2023-02-02;150;-28;0;;
SPE00120566;2023-02-03;174;-17;0;;
SPE00120566;2023-02-04;185;-17;0;;
SPE00120566;2023-02-05;178;-9;0;;
SPE00120566;2023-02-06;143;-11;0;;
SPE00120566;2023-02-07;91;9;10;;
SPE00120566;2023-02-08;112;17;0;;
SPE00120566;2023-02-09;134;30;0;;
SPE00120566;2023-02-10;115;10;0;;
SPE00120566;2023-02-11;129;-4;0;;
SPE00120566;2023-02-12;150;11;0;;
SPE00120566;2023-02-13;144;20;0;;
SPE00120566;2023-02-14;129;51;0;;
SPE00120566;2023-02-15;155;23;0;;
SPE00120566;2023-02-16;166;27;0;;
SPE00120566;2023-02-17;186;17;0;;
SPE00120566;2023-02-18;167;69;2;;
SPE00120566;2023-02-19;202;62;0;;
SPE00120566;2023-02-20;201;76;0;;
SPE00120566;2023-02-21;203;78;0;;
SPE00120566;2023-02-22;184;70;0;;
SPE00120566;2023-02-23;120;23;2;;
SPE00120566;2023-02-24;122;-21;0;;
SPE00120566;2023-02-25;118;-9;0;;
SPE00120566;2023-02-26;127;4;0;;
SPE00120566;2023-02-27;84;-20;0;;
SPE00120566;2023-02-28;113;-26;0;;
SPE00120566;2023-03-01;92;;0;;
SPE00120566;2023-03-02;124;;0;;
SPE00120566;2023-03-03;159;;;;
SPE00120566;2023-03-04;161;;0;;
SPE00120566;2023-03-05;113;1;0;;
SPE00120566;2023-03-06;152;58;15;;
SPE00120566;2023-03-07;161;;8;;
SPE00120566;2023-03-08;196;112;0;;
SPE00120566;2023-03-09;207;139;0;;
SPE00120566;2023-03-10;203;92;3;;
SPE00120566;2023-03-11;215;;0;;
SPE00120566;2023-03-12;246;97;0;;
SPE00120566;2023-03-13;232;;0;;
SPE00120566;2023-03-14;189;62;0;;
SPE00120566;2023-03-15;238;;0;;
SPE00120566;2023-03-16;261;52;0;;
SPE00120566;2023-03-17;187;;0;;
SPE00120566;2023-03-18;180;71;13;;
SPE00120566;2023-03-19;202;75;0;;
SPE00120566;2023-03-20;223;37;0;;
SPE00120566;2023-03-21;;;0;;
SPE00120566;2023-03-22;;72;0;;
SPE00120566;2023-03-25;;101;;;
SPE00120566;2023-03-26;229;104;0;;
SPE00120566;2023-03-27;230;65;0;;
SPE00120566;2023-03-28;266;55;0;;
SPE00120566;2023-03-29;280;75;0;;
SPE00120566;2023-03-30;243;138;0;;
SPE00120566;2023-03-31;;113;0;;
SPE00120566;2023-04-01;;95;;;
SPE00120566;2023-04-02;209;62;0;;
SPE00120566;2023-04-03;;43;0;;
SPE00120566;2023-04-05;238;47;;;
SPE00120566;2023-04-06;;62;0;;
SPE00120566;2023-04-07;269;77;0;;
SPE00120566;2023-04-08;281;77;0;;
SPE00120566;2023-04-09;286;92;0;;
SPE00120566;2023-04-10;284;132;0;;
SPE00120566;2023-04-11;;122;0;;
SPE00120566;2023-04-12;;104;0;;
